extend,number_of_states,RRT_execution_time,gripper_distance_cart,robot_distance_jointspace,path_exec_time
2.15,7,26,6.33603,11.4029,8.80185
2.15,10,80,6.69173,16.9174,13.5707
2.15,10,68,6.58709,16.8429,11.6198
2.15,12,81,7.38871,20.4462,16.3229
2.15,13,105,7.51058,22.6831,19.0666
2.15,10,82,7.9728,19.0019,11.7174
2.15,13,50,8.06216,21.9436,14.627
2.15,7,41,5.99249,12.0769,9.10361
2.15,16,136,11.222,28.8352,20.7429
2.15,11,85,6.29028,18.5929,13.5757
2.15,12,43,6.86244,21.202,13.5668
2.15,12,43,7.2079,19.3396,12.553
2.15,9,70,5.97093,14.3892,13.3248
2.15,11,63,6.93821,18.626,11.826
2.15,12,53,9.46997,19.2665,13.2643
2.15,8,82,5.98379,13.1636,9.6965
2.15,8,45,5.96675,11.673,9.67699
2.15,17,104,10.1858,31.1963,20.8756
2.15,9,131,7.08245,16.4147,13.1107
2.15,8,29,5.88655,13.5921,8.95923
2.15,9,77,7.76806,16.6988,13.8011
2.15,10,36,7.28012,19.0434,14.3315
2.15,14,206,7.86986,25.3314,16.2449
2.15,10,73,5.75652,16.776,13.066
2.15,9,90,6.90126,15.0531,13.0824
2.15,16,96,9.97339,27.4022,19.572
2.15,14,70,7.59927,23.3405,18.4703
2.15,13,126,7.95098,23.6962,18.9156
2.15,10,55,7.74195,17.6674,13.0297
2.15,14,101,8.9975,23.4249,17.7353
2.15,11,107,7.9483,19.3064,13.469
2.15,11,56,6.70537,17.8619,13.7313
2.15,8,92,5.6544,14.5142,10.6423
2.15,14,80,8.41045,24.2987,17.7711
2.15,15,68,8.7662,27.2049,17.0724
2.15,12,43,7.23276,22.1061,16.391
2.15,13,79,7.40149,24.0087,14.6104
2.15,10,87,8.25739,15.9916,13.5639
2.15,12,67,7.39494,20.3656,15.1839
2.15,8,128,7.11675,14.2406,11.2887
2.15,12,65,6.57219,20.8859,15.0143
2.15,11,53,6.65395,18.7256,14.1257
2.15,8,94,7.40784,14.3228,8.42704
2.15,11,51,9.29487,20.3768,14.4722
2.15,14,118,9.9107,23.9729,16.9695
2.15,12,73,7.72333,20.3219,16.0406
2.15,11,96,6.31614,17.7492,13.797
2.15,14,70,6.94414,23.9341,18.9837
2.15,8,33,6.22469,12.7424,9.44559
2.15,9,76,5.70684,14.8132,11.7614
2.15,12,65,9.85339,22.4814,17.121
2.15,9,73,7.98086,15.9688,11.0767
2.15,18,124,10.9311,32.7931,21.925
2.15,16,121,9.21963,28.3542,19.2876
2.15,11,128,8.42925,21.4117,14.4607
2.15,10,111,8.25965,18.563,13.4634
2.15,11,85,7.62604,18.9203,14.178
2.15,17,114,10.1933,29.2658,22.2064
2.15,13,71,9.55316,24.5843,14.9269
2.15,10,53,6.7582,16.5379,11.9474
2.15,11,125,8.32517,20.7011,13.8722
2.15,9,83,5.90847,15.3157,11.6857
2.15,12,50,9.59847,21.7261,16.8527
2.15,10,74,9.09215,17.9062,11.8084
2.15,11,81,7.27205,20.4229,15.4724
2.15,9,82,7.45409,15.4173,10.9931
2.15,10,112,7.79701,16.0961,11.9451
2.15,11,65,7.84935,19.2339,13.1519
2.15,12,46,7.62956,21.9034,14.8713
2.15,8,38,6.37945,13.8242,8.86051
2.15,10,78,6.49189,16.8868,13.8798
2.15,8,99,6.64376,14.7206,9.88379
2.15,11,62,7.79287,19.8194,13.2704
2.15,9,104,7.01541,16.7786,13.0331
2.15,8,41,6.67803,14.5953,11.8191
2.15,12,82,9.40652,21.2955,14.4679
2.15,9,87,5.64599,14.662,11.5942
2.15,12,112,9.98788,20.8085,13.1961
2.15,9,52,5.66033,15.0819,12.2894
2.15,15,61,10.5054,28.2501,20.9407
2.15,10,93,6.85897,16.3246,13.9002
2.15,11,63,6.3983,16.267,10.4866
2.15,10,75,6.29571,16.664,11.1454
2.15,17,87,9.84795,31.1883,21.1014
2.15,10,82,7.95089,18.0986,13.0057
2.15,12,106,7.8147,20.7795,13.6754
2.15,7,78,6.36292,12.2006,10.0465
2.15,15,151,11.5762,27.4831,18.3428
2.15,16,171,9.64808,28.4047,18.4346
2.15,13,69,7.14582,22.4502,14.8817
2.15,15,119,11.8015,28.7168,22.9398
2.15,11,93,8.58575,18.0391,13.495
2.15,11,76,7.02756,17.6153,13.6286
2.15,10,49,6.2942,17.6376,12.9707
2.15,9,136,6.06096,15.6275,12.3394
2.15,10,91,5.89484,15.7537,13.8472
2.15,11,54,6.97984,18.9253,14.5441
2.15,9,34,6.93293,13.9105,9.8549
2.15,9,51,6.21728,14.2815,11.4903
2.15,12,58,8.07582,21.0453,14.9969
2.15,12,181,6.30484,19.8047,14.2702
2.15,9,44,6.02075,15.3421,11.125
2.15,9,84,5.94345,14.1587,11.2501
2.15,10,50,8.01305,17.5018,12.4751
2.15,15,65,8.15025,25.0191,19.3073
2.15,11,97,9.55302,19.7249,12.5455
2.15,13,94,10.0076,22.3737,15.4373
2.15,12,169,7.18361,19.6522,14.5226
2.15,11,94,9.06175,19.4548,13.2355
2.15,7,31,5.27454,12.1801,9.11311
2.15,11,204,7.31456,20.6425,14.805
2.15,10,109,8.03133,17.4908,12.6094
2.15,16,137,10.5881,29.769,18.6342
2.15,12,122,8.77386,19.9135,14.1702
2.15,15,65,8.05547,24.6325,15.5498
2.15,10,54,5.77144,16.0165,11.629
2.15,8,39,5.712,13.7796,10.7065
2.15,15,78,8.16299,27.7227,16.8229
2.15,8,98,6.09075,13.4979,10.6677
2.15,7,116,6.38443,11.6001,8.39386
2.15,10,63,6.29812,17.3512,12.6861
2.15,14,224,10.3945,26.1695,16.3878
2.15,10,50,7.46888,18.2354,12.6979
2.15,11,83,7.49172,18.203,14.1364
2.15,12,136,7.49594,20.1641,16.1471
2.15,11,63,7.95039,17.5698,12.4616
2.15,9,108,5.82885,13.9291,10.0488
2.15,13,194,10.7535,23.1712,17.1617
2.15,14,151,10.2697,23.1572,19.3876
2.15,12,61,8.53875,19.2751,15.2848
2.15,9,58,6.42468,16.2556,11.8837
2.15,12,48,7.09597,21.3973,12.7784
2.15,8,85,5.96465,13.1613,11.2626
2.15,8,56,6.46769,12.3265,9.68861
2.15,21,148,13.9236,39.4525,25.5591
2.15,8,74,7.30398,14.97,11.9512
2.15,15,84,11.3779,25.648,18.2214
2.15,10,31,6.29798,17.4647,14.0709
2.15,13,113,6.67257,20.9563,15.0543
2.15,11,38,5.53525,18.2502,15.749
2.15,13,103,9.2227,24.7811,15.8864
2.15,9,147,7.18489,16.4633,13.8901
2.15,12,104,9.83575,22.8771,16.395
2.15,10,70,6.87397,16.6185,11.8396
2.15,12,65,6.62664,19.2156,13.8594
2.15,11,58,8.54409,18.6917,13.4373
2.15,9,52,9.41088,15.844,9.83766
2.15,10,103,7.05854,16.6133,13.8199
2.15,9,126,6.1907,15.3916,11.8337
2.15,10,63,8.77037,18.5172,15.3672
2.15,9,39,6.44242,14.4918,9.8796
2.15,16,197,7.47431,29.892,20.8886
2.15,9,48,8.27979,13.6487,8.91168
2.15,12,103,8.00895,20.5732,13.3151
2.15,7,30,5.90089,11.3009,8.75661
2.15,16,101,11.0745,32.0579,21.5868
2.15,11,55,8.58863,17.8249,12.9222
2.15,12,109,7.74148,19.924,14.0935
2.15,12,64,7.9521,20.026,14.1232
2.15,11,74,9.01758,20.5022,14.5197
2.15,8,48,6.31413,14.2668,11.1713
2.15,11,102,8.74464,19.1113,15.4551
2.15,14,57,9.13469,25.0187,18.0417
2.15,10,56,7.83121,16.4175,13.9031
2.15,11,122,6.45322,19.558,15.4601
2.15,13,54,8.7723,23.3409,16.2613
2.15,12,72,8.05771,21.1288,15.2238
2.15,11,47,7.50969,18.3708,12.5023
2.15,11,178,8.62226,18.1822,13.6375
2.15,12,115,7.21496,20.9856,15.9508
2.15,10,73,7.42073,18.1074,15.5048
2.15,9,149,5.94478,13.977,11.1222
2.15,10,70,6.6654,16.0576,12.8633
2.15,8,38,6.39493,13.7569,10.6155
2.15,10,43,7.50351,18.8764,13.0588
2.15,10,58,6.76385,18.5612,13.9848
2.15,13,135,7.76683,21.9543,15.7809
2.15,16,245,10.5245,29.84,19.6925
2.15,11,61,8.33088,19.3499,16.3225
2.15,12,71,7.95931,21.7915,13.9524
2.15,8,81,5.92389,12.9342,11.2581
2.15,11,81,6.47395,18.1403,13.7298
2.15,13,70,7.1254,23.4607,17.3424
2.15,12,177,6.98901,18.7445,14.7547
2.15,11,40,6.40343,19.9773,15.2184
2.15,9,68,8.18834,15.8166,12.3991
2.15,8,80,5.52897,13.1261,10.0278
2.15,13,141,6.58607,21.3839,15.6707
2.15,12,160,7.99213,19.8134,14.2542
2.15,10,73,8.67087,16.8817,13.3065
2.15,13,98,7.87106,23.9601,17.0312
2.15,10,172,6.51872,15.8639,11.9755
2.15,10,65,7.42256,16.1787,12.9953
2.15,8,55,6.10349,13.3858,9.3075
2.15,14,81,10.1141,24.7097,18.745
2.15,13,61,7.93601,21.6618,16.1844
2.15,9,62,7.35261,14.8954,10.4163
2.15,11,70,7.17826,19.4647,16.3188
2.15,8,52,6.14385,12.9138,10.0962
2.15,11,81,7.6632,18.2886,13.5532
2.15,7,86,5.91396,12.1783,8.88193
2.15,14,72,10.8493,26.0254,19.5752
2.15,14,132,8.60926,24.2607,16.7382
2.15,14,123,7.68728,21.7616,13.9776
2.15,13,103,10.3814,25.1782,16.3366
2.15,14,150,8.88077,25.5137,21.3459
2.15,12,111,8.14833,22.9953,17.1246
2.15,15,135,8.17932,24.6138,15.9989
2.15,15,84,8.90833,28.4934,20.7001
2.15,10,59,6.85858,18.0659,15.1664
2.15,10,39,7.10413,16.6037,12.3639
2.15,12,87,8.53026,21.2944,14.9893
2.15,15,106,11.663,27.1822,17.2352
2.15,13,66,9.55502,24.7755,19.0209
2.15,16,106,13.0513,28.8278,20.2604
2.15,12,130,8.76574,22.9174,15.9414
2.15,9,49,6.26025,13.5952,11.5326
2.15,11,63,7.01444,19.4451,14.9001
2.15,12,141,9.80585,23.0664,16.8497
2.15,7,52,5.58751,11.5106,9.33305
2.15,10,95,6.90944,15.2209,11.1928
2.15,16,151,9.59132,28.5987,22.2392
2.15,8,74,5.48265,13.1656,9.64388
2.15,11,45,6.3608,20.6421,15.8259
2.15,7,61,7.23946,11.4726,9.3262
2.15,9,62,4.75929,15.0001,10.6107
2.15,8,36,4.84265,14.3917,12.0641
2.15,15,95,9.33167,23.8346,16.6139
2.15,11,98,7.70487,20.0479,13.9587
2.15,8,47,7.92897,13.1807,10.9891
2.15,10,34,5.76456,16.0342,12.9499
2.15,12,102,11.1534,22.4845,13.5262
2.15,11,201,7.70407,19.0622,14.0646
2.15,10,35,6.50763,17.11,12.8514
2.15,14,135,10.808,23.6355,15.5185
2.15,12,91,11.7332,21.8547,16.2583
2.15,12,51,7.40284,21.1021,13.6227
2.15,9,55,7.38675,16.8279,12.8863
2.15,11,172,8.11908,20.1286,14.1164
2.15,12,37,6.02108,21.0688,15.9664
2.15,11,108,6.06752,15.7633,13.0027
2.15,16,64,10.2781,25.4229,19.1949
2.15,9,131,5.96011,15.1449,12.7375
2.15,11,124,7.10407,18.48,13.5713
2.15,13,78,6.97713,23.0076,17.0377
2.15,11,54,6.94682,17.1749,12.0691
2.15,10,125,8.53909,18.7692,14.3368
2.15,10,160,6.7031,18.5438,14.3307
2.15,17,145,11.6687,30.9504,19.8836
2.15,13,138,7.67026,23.1802,16.5113
2.15,11,136,7.90695,19.9265,13.0745
2.15,13,74,9.61409,23.3408,15.6064
2.15,8,30,6.35438,13.5689,9.94669
2.15,7,29,6.37676,11.4708,7.4748
2.15,9,102,6.77136,15.7556,10.8391
2.15,9,90,6.67557,15.3106,11.1648
2.15,13,115,8.76149,23.9944,17.5665
2.15,11,103,10.8411,19.9711,15.1167
2.15,12,82,10.1474,21.5827,13.6245
2.15,8,58,6.40601,13.74,8.29946
2.15,16,106,9.59561,29.5799,22.0753
2.15,9,108,5.83087,13.3427,9.58803
2.15,10,38,7.47828,18.3774,14.2837
2.15,8,84,5.91023,14.0157,9.90106
2.15,14,153,11.7562,26.5126,18.7285
2.15,7,26,5.55355,11.3833,8.29583
2.15,9,178,6.82331,16.6148,11.9994
2.15,12,87,9.53026,21.5389,17.1019
2.15,10,53,6.23996,16.6996,13.1217
2.15,11,162,7.76565,16.0698,12.6197
2.15,9,30,7.55664,14.6462,11.9297
2.15,12,135,9.7499,20.9474,14.1969
2.15,11,136,10.1208,19.0004,14.6241
2.15,9,90,6.90398,15.101,9.62177
2.15,10,137,6.74075,17.4339,10.7231
2.15,12,136,8.02825,20.5516,16.5355
2.15,13,47,8.76003,22.5468,16.0004
2.15,11,75,7.37951,19.4108,13.1718
2.15,8,34,5.4079,13.6613,10.6148
2.15,11,154,6.05095,19.8888,14.5465
2.15,15,120,9.23455,25.6764,19.0932
2.15,7,48,5.84378,12.2641,9.85789
2.15,8,37,6.71524,14.8645,11.6049
2.15,9,157,5.89715,14.9171,13.2062
2.15,11,69,7.06797,16.919,12.4427
2.15,8,71,7.15382,13.6828,9.93822
2.15,14,50,9.38175,24.5014,14.5626
2.15,12,174,9.20404,20.9949,13.0962
2.15,7,49,5.80707,11.7957,10.36
2.15,11,122,7.4834,17.7843,13.7233
2.15,17,95,10.0824,31.5857,23.5294
2.15,12,96,8.07522,21.1155,15.1888
2.15,8,44,7.34004,13.8606,10.5772
2.15,14,75,9.08322,27.0446,17.7632
2.15,11,105,8.52158,19.5248,14.6549
2.15,8,77,4.8997,14.4267,11.8419
2.15,12,67,7.91238,21.3721,13.9946
2.15,10,128,5.04808,16.1345,13.6421
2.15,12,122,7.88346,20.1324,15.0941
2.15,9,60,6.61857,15.9357,13.1846
2.15,11,51,6.94535,20.0215,15.1545
2.15,17,93,8.96012,32.1461,21.6968
2.15,12,42,9.02017,21.719,18.1447
2.15,12,67,8.52148,19.1977,14.4278
2.15,8,109,6.6366,13.0775,9.85595
2.15,9,71,6.99757,13.8785,9.09445
2.15,14,119,9.68988,23.4702,15.6535
2.15,8,64,7.09897,14.9153,11.2237
2.15,10,67,6.21214,18.6136,15.0941
2.15,10,99,10.1874,17.3563,13.299
2.15,7,41,6.13557,12.2884,9.81686
2.15,11,74,7.8503,18.2276,13.8634
2.15,16,72,9.64552,29.7232,22.6265
2.15,11,60,6.59023,19.6658,12.2662
2.15,14,100,8.34652,24.8106,17.6192
2.15,8,140,6.69953,13.9465,9.91478
2.15,9,122,6.02423,16.1449,11.7179
2.15,10,85,5.32708,17.313,13.6704
2.15,10,86,7.026,16.6894,12.5157
2.15,11,95,7.1745,18.5141,15.0896
2.15,21,123,10.586,38.5179,22.4914
2.15,10,77,6.60941,18.296,14.0192
2.15,10,39,8.19519,18.219,12.7316
2.15,11,47,6.95456,18.0218,13.5289
2.15,9,50,6.095,17.0005,13.2639
2.15,14,122,11.7368,25.1979,16.4548
2.15,7,29,5.738,10.8888,7.95943
2.15,13,67,9.29859,22.432,16.714
2.15,8,44,5.82166,13.6702,11.312
2.15,7,26,5.8568,12.3304,8.54278
2.15,7,30,5.38898,12.5804,10.9315
2.15,9,73,6.42425,15.2003,12.9013
2.15,11,85,6.50342,20.9973,13.4294
2.15,8,44,5.88637,13.777,10.459
2.15,11,98,6.39101,19.765,14.5358
2.15,7,43,6.72116,11.677,7.19667
2.15,11,42,5.96503,17.9697,15.9072
2.15,14,120,10.4397,25.7696,20.0835
2.15,12,99,7.93653,22.4636,13.7495
2.15,13,82,7.27713,23.3221,16.7533
2.15,8,127,6.8446,13.5615,8.58865
2.15,10,55,7.59141,18.9699,12.7236
2.15,12,83,8.20881,21.0897,15.8882
2.15,11,130,11.0259,19.5652,15.5281
2.15,10,93,6.91335,18.0595,12.9448
2.15,10,43,7.69296,17.68,12.9379
2.15,10,86,8.17443,18.7876,14.2173
2.15,10,122,8.56421,16.5697,11.7602
2.15,9,118,7.01398,16.0911,11.963
2.15,8,45,6.20967,13.1194,10.2687
2.15,16,90,9.37865,30.189,21.496
2.15,13,208,7.89021,23.0604,15.6563
2.15,10,64,6.03989,17.5696,12.1292
2.15,12,48,7.03599,19.0225,14.6777
2.15,16,147,11.1876,30.6044,22.444
2.15,8,66,5.3144,13.7882,11.9465
2.15,9,36,6.23366,16.83,12.3616
2.15,10,41,7.25226,17.3925,14.4049
2.15,15,183,8.03394,24.8143,18.1697
2.15,12,145,6.60592,22.0323,15.8273
2.15,11,96,9.30505,20.1417,13.9134
2.15,9,84,7.56533,15.1718,10.9676
2.15,8,64,7.19222,14.1122,10.101
2.15,18,147,12.1429,31.1244,19.1001
2.15,15,68,8.05017,25.1226,19.0669
2.15,10,65,7.26298,16.6507,13.6091
2.15,13,164,7.12005,24.1275,16.8973
2.15,8,29,6.89192,12.6823,9.05466
2.15,16,61,9.85868,28.6975,17.8093
2.15,12,96,7.17211,21.7652,15.8219
2.15,11,60,7.38206,18.52,12.4768
2.15,10,46,6.68875,17.654,12.9974
2.15,11,69,7.44107,17.011,11.8755
2.15,7,137,6.57644,12.2781,9.30937
2.15,8,34,5.66582,13.4406,10.1007
2.15,10,56,6.30458,17.0294,13.8796
2.15,13,95,10.4526,23.7977,17.6809
2.15,10,99,7.28591,17.4418,12.0685
2.15,12,50,8.77894,21.1324,15.8071
2.15,11,59,6.72727,17.8949,13.9778
2.15,10,66,5.21281,17.9538,12.2669
2.15,11,62,7.1086,18.8788,16.1523
2.15,9,118,6.44454,15.1384,12.2821
2.15,12,65,7.30345,21.1594,17.4726
2.15,8,57,6.07998,13.82,10.9554
2.15,10,102,7.0031,17.4532,12.9022
2.15,15,104,10.7672,26.4912,18.921
2.15,10,79,6.84145,16.7557,14.388
2.15,10,53,7.04794,16.3848,13.7572
2.15,8,97,6.5876,14.7186,10.3315
2.15,10,53,6.36109,17.4853,9.60881
2.15,12,109,9.10983,22.2982,13.596
2.15,11,190,8.19454,19.0328,14.7134
2.15,9,76,6.98012,15.2236,12.3111
2.15,8,47,6.47053,13.3672,10.8649
2.15,10,132,6.29943,17.4609,13.8923
2.15,10,80,6.23814,15.9227,12.9685
2.15,11,53,8.08611,19.0549,13.511
2.15,9,73,6.06737,15.6228,14.3158
2.15,12,74,8.74879,19.8703,13.3503
2.15,9,59,6.48709,15.9003,10.4528
2.15,11,120,7.67509,19.7539,15.4235
2.15,11,91,9.03156,18.3808,16.2745
2.15,10,81,6.90535,15.498,13.1331
2.15,10,38,7.50574,17.9458,13.5935
2.15,11,61,6.1716,19.6521,16.1644
2.15,10,80,6.59905,17.7301,13.4806
2.15,7,43,6.04245,11.7803,7.7428
2.15,10,118,7.72535,17.5185,11.8052
2.15,11,118,7.61603,19.6488,14.9343
2.15,9,34,7.70973,16.0832,12.7329
2.15,10,119,8.20185,18.5275,13.2488
2.15,9,43,5.89827,14.8157,12.4288
2.15,11,38,8.85416,18.968,14.9113
2.15,9,57,6.67325,13.5963,9.82458
2.15,9,177,7.04748,15.6328,12.5963
2.15,8,46,5.67808,13.1035,11.0289
2.15,11,126,8.81313,19.7992,14.5629
2.15,15,92,7.7721,25.957,17.935
2.15,10,100,7.2216,17.727,14.5713
2.15,18,121,9.84727,33.5471,24.7688
2.15,10,83,7.04749,16.1011,12.3328
2.15,13,71,8.02471,21.838,17.3289
2.15,8,68,5.50526,14.2204,9.81725
2.15,12,39,9.53634,20.9761,12.8927
2.15,10,49,7.15568,17.1061,13.1512
2.15,10,96,6.71264,18.0521,14.6667
2.15,8,68,6.16354,11.8993,7.91858
2.15,16,71,9.33061,27.282,18.4511
2.15,14,106,8.95244,24.4495,18.4598
2.15,9,99,6.85996,17.178,14.308
2.15,14,72,9.25058,24.9037,17.6652
2.15,9,48,8.50486,16.8937,12.8448
2.15,10,52,6.3734,18.8173,14.3088
2.15,9,45,6.03499,15.054,9.71026
2.15,10,112,6.25971,17.871,13.1327
2.15,9,94,6.76639,15.3626,11.0728
2.15,9,71,6.60331,14.7409,11.6348
2.15,12,104,8.06176,22.0928,16.3259
2.15,13,103,9.37802,22.5035,14.3966
2.15,12,160,7.46437,18.7547,14.1597
2.15,16,152,13.0351,27.6478,19.134
2.15,12,99,7.6329,21.0909,15.5448
2.15,8,53,5.55575,14.1647,10.8654
2.15,10,140,6.94342,19.1676,12.7014
2.15,10,53,7.34176,18.4439,13.0048
2.15,12,118,8.88906,22.2083,15.4595
2.15,16,69,9.98709,29.4289,19.9846
2.15,7,34,5.12206,11.5565,7.71229
2.15,10,75,7.11752,18.7388,11.5879
2.15,15,99,10.8362,22.8131,14.6241
2.15,14,75,8.51255,24.3078,17.0091
2.15,10,145,8.10983,17.4964,12.16
2.15,12,115,10.1605,19.5025,13.6504
2.15,13,114,8.50013,21.2668,13.7939
2.15,11,71,10.2797,20.266,15.2008
2.15,9,87,5.28856,15.1755,10.3724
2.15,10,161,6.96973,16.8918,14.0572
2.15,10,114,7.25098,17.3106,12.7354
2.15,16,91,11.0423,30.5944,20.9741
2.15,12,149,8.80454,21.1966,13.5217
2.15,8,85,5.97406,13.2109,9.96283
2.15,7,32,6.41119,10.8691,8.26549
2.15,13,55,11.1575,23.8982,16.8902
2.15,14,105,9.15434,25.8914,19.3932
2.15,9,162,5.98109,15.9133,13.4063
2.15,11,131,8.5976,18.0349,13.3026
2.15,16,151,7.87888,27.3427,19.56
2.15,8,55,7.22198,14.4803,11.3302
2.15,9,53,7.48555,14.7029,11.735
2.15,10,91,7.28644,19.1564,13.1637
2.15,9,67,7.0335,16.1408,13.7907
2.15,10,70,6.33354,17.525,12.4716
2.15,11,64,6.28183,18.0612,12.9134
2.15,18,176,11.1395,30.0131,19.7231
2.15,14,148,7.18293,23.5642,14.9136
2.15,11,108,7.05239,20.8109,14.7538
2.15,8,111,6.71288,13.7858,9.88466
2.15,12,47,7.39469,22.3573,16.4712
2.15,11,67,6.9258,21.3834,15.0719
2.15,20,168,13.7651,38.1826,24.6749
2.15,14,93,9.87276,25.3537,17.8922
2.15,9,55,7.18627,16.0128,12.469
2.15,16,112,11.6019,28.9735,16.4379
2.15,12,173,7.25949,21.8437,15.7956
2.15,11,79,8.96205,21.0133,15.4497
2.15,8,51,6.49874,14.4382,10.7314
2.15,10,67,6.42308,16.0847,12.4864
2.15,11,72,10.2547,20.1708,14.9635
2.15,8,83,6.44991,13.5839,11.1341
2.15,11,90,5.15407,19.2968,16.0179
2.15,8,72,6.92766,13.1652,8.55458
2.15,15,84,8.48998,25.3985,17.4178
2.15,9,66,6.93591,14.1859,10.7705
2.15,13,83,7.95867,23.8539,15.8769
2.15,14,111,8.0964,26.3544,18.4911
2.15,13,92,8.77725,21.3591,15.1446
2.15,13,73,8.76328,22.2124,15.8719
2.15,9,37,5.35893,14.648,9.94834
2.15,12,133,6.90095,22.3064,17.0287
2.15,16,129,9.10124,27.9134,17.8916
2.15,9,53,7.12566,16.0508,12.0575
2.15,9,149,8.6561,16.7801,12.221
2.15,14,47,9.80666,25.093,17.5326
2.15,12,115,6.97808,20.9366,13.6729
2.15,9,66,6.1943,15.1354,11.0488
2.15,11,80,7.15822,17.5935,12.8232
2.15,10,49,5.37582,18.5928,13.5515
2.15,9,60,6.43675,14.1194,9.48892
2.15,9,38,7.86956,16.9957,12.8974
2.15,11,159,8.26831,17.4186,13.2919
2.15,11,99,8.74995,18.7346,13.3942
2.15,7,34,5.86299,12.4055,9.26462
2.15,12,71,10.0499,21.1946,14.9375
2.15,10,162,8.40067,16.6895,11.6438
2.15,11,50,7.93833,19.7654,14.7521
2.15,10,56,7.22828,17.2042,12.2963
2.15,8,57,5.94132,13.2477,11.74
2.15,12,61,10.1975,21.746,12.6071
2.15,10,93,6.84205,16.5623,12.3326
2.15,13,51,9.47452,24.2448,15.2224
2.15,13,59,6.22831,20.6305,15.4132
2.15,11,86,7.93348,21.0477,17.6797
2.15,9,44,6.64425,15.4155,12.1174
2.15,11,84,8.73024,19.1864,15.1935
2.15,13,72,6.96048,20.5433,14.4875
2.15,9,74,5.75999,13.4399,11.7398
2.15,11,70,7.02201,20.7566,14.7383
2.15,12,194,9.08357,19.7945,13.5142
2.15,15,77,7.10735,25.4682,20.1138
2.15,7,49,5.53444,12.6788,8.79172
2.15,11,51,6.90342,18.0886,13.1122
2.15,12,69,7.2731,20.5125,11.5136
2.15,19,132,11.1376,31.5732,22.0477
2.15,8,34,7.15092,13.5858,11.337
2.15,12,107,7.07821,20.202,15.5705
2.15,9,56,8.52242,16.2719,11.217
2.15,7,173,6.34057,11.8916,9.55659
2.15,9,61,6.72623,15.5541,11.7775
2.15,12,59,6.35139,20.381,15.7919
2.15,11,47,8.01021,19.2106,16.7213
2.15,8,58,6.42593,14.1648,11.1711
2.15,14,92,8.46133,23.7003,15.4826
2.15,14,73,6.9692,25.6128,18.8901
2.15,17,83,9.80824,27.9607,19.6054
2.15,10,92,6.37146,16.0838,11.4171
2.15,10,62,6.99766,19.1028,14.4343
2.15,13,100,7.55719,22.3657,13.2057
2.15,9,118,7.77772,16.9578,11.7188
2.15,15,62,6.66534,28.4471,20.4458
2.15,9,89,5.8585,15.5321,12.161
2.15,8,154,6.45391,14.4898,11.7548
2.15,11,122,7.38161,18.7846,13.9124
2.15,9,57,5.37713,15.8319,12.1452
2.15,11,126,8.42433,18.8855,13.0337
2.15,8,181,6.51029,13.0628,11.411
2.15,14,104,8.17998,24.2037,19.0878
2.15,9,61,7.23887,15.149,10.6838
2.15,13,103,9.72797,22.4884,14.7017
2.15,8,161,6.02863,14.691,11.6219
2.15,10,100,6.91812,18.5108,13.9514
2.15,16,108,11.0676,28.7982,19.1753
2.15,12,86,8.2673,20.2501,14.4582
2.15,11,138,8.38093,18.7093,12.6216
2.15,10,64,7.60631,18.0751,13.5818
2.15,12,78,9.77842,21.834,12.8166
2.15,10,121,6.03367,15.6183,12.2517
2.15,11,186,7.78352,21.056,14.2561
2.15,9,165,7.60726,15.1983,10.0307
2.15,12,35,5.7252,19.6747,11.6188
2.15,9,46,8.10785,15.9039,11.3474
2.15,9,46,6.60383,14.1821,9.28123
2.15,8,65,6.96977,14.3738,10.4093
2.15,11,69,7.06741,17.1325,14.0375
2.15,10,74,6.79077,17.2438,13.4707
2.15,11,62,8.25243,19.8353,14.434
2.15,8,63,5.57134,13.7582,10.7943
2.15,12,69,7.06889,19.9465,12.4689
2.15,14,84,9.80629,22.5846,17.437
2.15,15,77,10.9544,27.5946,18.9034
2.15,11,103,7.62737,19.2642,14.9587
2.15,11,119,7.29524,17.9909,12.9159
2.15,9,56,7.04034,15.6291,10.6257
2.15,11,59,5.22502,17.4718,13.1562
2.15,17,88,9.75207,31.7515,21.086
2.15,14,83,11.0508,25.6991,18.3855
2.15,8,62,6.76876,13.6778,10.144
2.15,11,89,6.7018,16.3224,10.9965
2.15,13,75,8.36729,24.8441,15.1821
2.15,9,61,8.17766,16.8896,10.4695
2.15,14,50,9.15887,24.3489,17.6924
2.15,12,107,8.47578,21.2852,15.0656
2.15,13,90,9.51152,24.8871,16.6784
2.15,9,44,6.93937,15.053,10.5927
2.15,10,156,7.09894,18.2302,12.3902
2.15,13,91,8.5361,23.8323,15.6386
2.15,12,72,8.80151,21.5521,17.0083
2.15,9,159,6.52638,16.0903,10.3984
2.15,12,83,6.89399,21.9892,14.9271
2.15,8,42,7.10338,13.5334,10.3775
2.15,7,35,7.30702,12.2403,10.0046
2.15,15,183,11.3843,27.3532,19.9546
2.15,9,133,6.20861,13.4044,8.82493
2.15,13,44,6.72845,21.6843,15.3787
2.15,10,55,6.75781,15.6183,12.2222
2.15,8,44,5.90419,13.9015,11.6457
2.15,10,65,7.20369,18.0262,12.8647
2.15,12,56,8.34376,22.4069,16.0036
2.15,14,110,9.25888,22.9255,17.3539
2.15,11,87,7.95159,18.1072,12.9936
2.15,9,46,6.96234,15.2905,12.1806
2.15,10,125,7.59931,16.7647,11.8487
2.15,12,49,7.62296,23.3205,16.0322
2.15,8,61,6.844,14.3736,12.1626
2.15,17,104,10.3275,29.7728,18.7318
2.15,11,71,7.04266,19.9417,14.3129
2.15,12,101,7.86787,22.8074,17.5066
2.15,11,196,7.43029,18.8665,14.452
2.15,10,35,6.3759,16.455,11.5847
2.15,9,40,5.85837,15.5805,12.1799
2.15,14,78,9.86218,24.103,17.574
2.15,11,141,9.31677,20.452,14.4779
2.15,10,85,8.21471,18.1158,13.5122
2.15,11,150,8.16394,18.3423,12.4756
2.15,10,63,6.95175,18.3659,14.08
2.15,11,75,9.71037,19.8158,14.4732
2.15,8,89,6.11747,13.8733,11.3125
2.15,9,186,6.4737,15.4603,10.8271
2.15,11,86,8.06875,19.5821,14.5215
2.15,12,52,6.7757,19.4893,15.1371
2.15,14,90,8.34993,25.3091,18.139
2.15,9,50,7.27567,16.5919,11.4591
2.15,14,91,10.581,23.7302,15.0583
2.15,9,28,6.03303,15.1204,11.4946
2.15,10,121,6.42557,18.2794,14.2876
2.15,8,58,5.92757,13.3587,9.34308
2.15,12,91,8.03754,20.7031,13.4937
2.15,11,161,8.39616,17.495,12.8268
2.15,7,29,6.29212,12.6625,8.89637
2.15,12,59,7.01501,17.9888,13.645
2.15,9,80,6.2527,16.0594,12.6132
2.15,13,115,7.43264,23.1199,17.4339
2.15,12,168,7.49572,21.299,14.7909
2.15,8,48,6.50872,13.5291,10.5152
2.15,10,72,7.61585,18.4525,12.8407
2.15,12,61,6.20751,19.5333,14.8705
2.15,11,96,7.60416,17.5071,14.0651
2.15,11,82,7.75495,19.7942,14.2384
2.15,8,33,7.0083,14.0226,10.533
2.15,13,90,8.57066,23.6763,17.5096
2.15,11,46,8.64885,19.0842,14.8316
2.15,10,98,6.44093,16.343,11.49
2.15,11,43,7.30768,17.565,11.778
2.15,11,86,6.71777,18.0402,12.8421
2.15,10,41,7.94776,18.6522,11.832
2.15,11,92,7.44851,19.3848,15.1687
2.15,9,84,5.16313,13.9116,11.8673
2.15,9,62,6.67268,14.3632,12.0972
2.15,9,77,8.17405,15.8931,11.8452
2.15,11,67,6.35267,18.7514,13.965
2.15,9,47,8.06085,16.4718,10.9791
2.15,10,119,9.22038,18.3274,14.5288
2.15,13,93,8.3241,20.8609,15.4159
2.15,9,54,8.16174,16.1173,12.8426
2.15,9,63,6.05597,16.1141,13.3959
2.15,12,57,8.18086,21.7606,14.4262
2.15,13,89,7.48806,22.4938,19.1715
2.15,9,218,6.84422,15.0018,11.0922
2.15,21,117,11.2447,37.6538,24.9178
2.15,13,91,10.3693,23.3656,17.8562
2.15,12,75,6.74862,20.2397,16.947
2.15,10,45,5.6655,16.6411,12.3027
2.15,8,34,7.8534,14.7837,10.3953
2.15,12,123,8.99608,20.2449,13.9214
2.15,8,88,5.05803,13.6945,9.80928
2.15,10,47,7.48368,16.828,12.3155
2.15,11,78,6.79856,19.0786,13.7546
2.15,10,110,6.70493,17.6965,14.0144
2.15,11,53,8.14432,19.4705,14.2868
2.15,9,74,7.99387,15.753,12.5673
2.15,17,168,11.3715,28.3793,19.4271
2.15,12,52,6.97009,20.8955,16.0482
2.15,11,146,8.83098,21.4268,14.8048
2.15,10,40,6.95057,18.8682,14.2884
2.15,10,52,7.37571,16.7469,12.8235
2.15,7,31,6.0088,11.1377,9.00902
2.15,12,98,8.9751,21.1652,15.5147
2.15,8,40,5.97757,13.3646,10.2336
2.15,10,126,8.07959,19.0874,15.0691
2.15,11,117,8.69025,19.1931,14.0703
2.15,9,148,8.2459,16.6652,12.7083
2.15,7,35,5.95099,12.5525,10.1523
2.15,8,50,6.58092,13.219,10.2927
2.15,15,120,9.80708,25.0873,17.6045
2.15,10,97,7.69188,17.3123,12.9873
2.15,8,80,7.62336,14.3181,10.3743
2.15,10,66,8.40973,17.9296,12.5115
2.15,11,119,8.39682,18.6459,13.9729
2.15,12,122,7.9828,18.2243,13.7727
2.15,12,58,10.3407,22.5518,15.091
2.15,11,64,7.18233,19.0272,13.4288
2.15,8,64,6.80074,14.7009,9.1859
2.15,11,132,7.78245,17.7191,12.3129
2.15,12,119,8.57832,20.2014,12.8745
2.15,7,98,6.28503,11.0723,7.53675
2.15,15,72,7.81399,25.9136,21.8189
2.15,15,139,11.4211,27.6732,19.7164
2.15,11,48,7.62468,20.0755,14.2646
2.15,9,85,7.533,16.4688,11.5002
2.15,12,83,7.23562,21.2563,15.8149
2.15,10,43,8.5788,17.0708,11.3575
2.15,11,97,6.65695,18.2285,14.8401
2.15,15,83,7.62726,27.8522,21.9665
2.15,8,39,6.37119,13.5631,11.372
2.15,11,104,7.14449,20.4106,14.5957
2.15,12,58,6.9983,21.101,16.5588
2.15,9,88,6.71038,15.8515,11.3989
2.15,10,130,7.79336,17.9561,14.4564
2.15,12,76,7.28567,21.2425,15.6275
2.15,11,115,8.1162,19.3573,13.7011
2.15,11,89,6.39404,15.3485,12.4909
2.15,9,29,6.11223,14.9475,11.8898
2.15,14,134,11.0547,25.2898,15.4629
2.15,15,181,10.1562,27.7463,18.806
2.15,10,60,6.63415,16.8847,12.3947
2.15,9,123,6.98834,15.6566,10.4921
2.15,10,71,6.62369,17.492,12.2572
2.15,11,65,7.19298,19.4042,13.2291
2.15,11,54,6.88726,20.4784,17.7561
2.15,11,97,7.6248,19.3553,14.4274
2.15,12,83,6.56274,20.7765,16.8739
2.15,15,81,8.05079,22.4573,14.6574
2.15,12,63,7.39236,23.1039,15.19
2.15,12,88,5.77096,20.0597,13.7347
2.15,8,93,6.0423,13.0457,9.57869
2.15,14,69,10.3481,25.3082,17.862
2.15,11,64,10.079,19.4064,13.4097
2.15,7,46,6.70055,11.8184,9.65695
2.15,8,56,5.8998,14.1694,11.865
2.15,10,161,6.256,18.7922,14.1961
2.15,13,62,7.95273,22.0847,15.8931
2.15,9,68,8.00419,15.6685,13.1091
2.15,8,48,6.30149,13.5698,11.013
2.15,13,166,7.96649,21.493,17.8363
2.15,7,44,5.72127,12.0359,8.62199
2.15,9,39,6.26895,15.8183,11.2317
2.15,11,111,7.64336,19.4933,15.6658
2.15,8,30,5.91564,12.9552,9.29469
2.15,7,29,5.15532,12.4305,8.40644
2.15,14,61,10.9757,25.2875,17.0617
2.15,15,80,9.40065,25.9852,19.1143
2.15,7,46,5.87441,12.4751,9.56525
2.15,9,96,7.53664,15.0218,11.9804
2.15,8,86,7.60234,13.8513,10.4065
2.15,12,56,8.27567,22.8585,16.5765
2.15,11,69,6.62489,18.4641,14.0067
2.15,7,62,5.7151,11.6452,10.266
2.15,9,35,8.22105,16.9578,11.1299
2.15,7,49,6.30146,12.6943,11.0298
2.15,8,33,5.89465,12.2194,8.62467
2.15,7,54,4.66774,12.5171,10.1939
2.15,7,35,5.81343,10.9227,7.99265
2.15,15,68,11.9447,28.1835,18.3796
2.15,10,45,5.52377,16.7645,13.0589
2.15,11,103,6.4921,17.1023,11.7824
2.15,8,66,7.4293,15.0051,10.6297
2.15,10,44,6.52349,16.5494,13.5404
2.15,11,94,7.67214,19.6878,14.0775
2.15,11,100,8.08337,19.7749,15.753
2.15,12,122,8.72872,18.1586,13.366
2.15,10,130,6.78402,18.3123,14.4887
2.15,11,67,9.41539,19.7457,14.8922
2.15,9,82,6.47667,13.6541,9.70995
2.15,9,32,6.79608,16.2415,11.4042
2.15,9,45,6.10893,17.146,13.2473
2.15,11,85,7.93895,17.9124,12.9196
2.15,8,64,6.02318,13.0509,9.65757
2.15,9,76,7.77463,15.3334,12.1697
2.15,8,63,6.30362,12.7117,9.24869
2.15,13,83,9.07413,24.0691,18.3858
2.15,10,164,7.11316,17.1318,13.1236
2.15,10,55,7.13538,17.94,13.9978
2.15,14,81,10.5096,24.8732,19.3472
2.15,10,60,7.3004,19.3398,11.9533
2.15,9,58,7.20849,16.4417,13.6865
2.15,14,144,10.081,27.0766,18.7577
2.15,13,140,8.51751,22.3128,16.037
2.15,10,82,8.62841,18.1725,12.7797
2.15,8,102,6.78799,14.9844,12.1445
2.15,11,154,6.89186,17.7831,12.9201
2.15,10,62,7.78172,16.5481,11.7078
2.15,9,109,8.11542,16.8408,13.0161
2.15,8,41,6.15624,13.3984,11.7672
2.15,13,86,7.08879,22.5223,15.3594
2.15,11,69,8.80757,19.4355,13.9741
2.15,7,45,6.17968,12.2602,10.375
2.15,12,120,8.92198,22.5134,14.5495
2.15,9,28,7.37379,15.7117,10.7142
2.15,13,102,10.0795,22.9472,15.3544
2.15,8,38,6.07223,14.3409,10.1811
2.15,7,57,6.14469,11.2667,8.53109
2.15,8,43,6.25839,13.3636,9.38056
2.15,12,40,7.60862,22.0456,16.2085
2.15,10,47,6.1789,16.8299,12.4729
2.15,16,93,8.8916,28.346,21.1355
2.15,17,132,11.1661,29.2839,17.3239
2.15,8,51,5.98924,13.298,9.51477
2.15,11,53,8.53338,18.2991,13.5019
2.15,14,131,13.0423,24.4053,15.7049
2.15,10,123,6.68904,17.9639,14.0562
2.15,10,48,8.03831,16.2953,13.0873
2.15,13,125,8.95832,22.5876,14.7161
2.15,11,76,7.93294,17.3084,13.8451
2.15,14,94,11.3284,23.2047,14.4144
2.15,14,158,10.0034,23.2728,18.0991
2.15,12,67,6.81652,20.0451,18.1746
2.15,11,61,6.69835,19.8065,15.162
2.15,11,78,7.2403,21.381,13.6405
2.15,15,144,8.87277,27.1851,18.3181
2.15,9,61,6.17706,14.9475,10.6282
2.15,12,257,8.25382,20.7577,15.2509
2.15,9,66,7.38586,15.4621,12.6525
2.15,14,63,8.49743,24.4808,19.793
2.15,12,106,9.51738,21.1027,15.2038
2.15,10,103,7.71386,17.1909,12.3102
2.15,13,123,9.65293,21.4331,14.3538
2.15,8,65,6.47066,14.531,10.1739
2.15,10,61,6.38646,15.5022,11.549
2.15,14,127,8.18672,25.8287,17.3615
2.15,9,46,7.68772,15.1856,11.7617
2.15,12,62,7.70563,20.5656,14.0255
2.15,8,48,6.25357,12.9076,9.25334
2.15,7,31,5.24919,12.7578,9.91239
2.15,10,42,6.25567,17.497,12.6783
2.15,15,74,9.68753,25.0591,17.733
2.15,13,157,8.62112,24.9111,18.6221
2.15,13,105,8.88262,20.4549,15.2474
2.15,7,34,5.5486,11.8977,8.13637
2.15,8,57,6.3605,14.117,11.1937
2.15,10,88,7.70696,18.2444,10.5815
2.15,11,59,5.99323,16.0838,12.1578
2.15,10,34,7.97323,17.8136,13.5553
2.15,10,96,6.12765,18.3267,13.3105
2.15,9,31,5.67018,15.5379,13.2285
2.15,7,35,5.72159,12.1513,9.64941
2.15,11,39,6.57131,19.8361,13.6821
2.15,8,73,5.70078,12.9126,11.1528
2.15,9,29,7.26777,15.1339,12.2387
2.15,13,64,9.34519,21.6383,14.6576
2.15,11,105,6.27166,19.5644,15.4963
2.15,9,31,5.82748,16.7061,13.1376
2.15,11,41,7.84492,20.475,16.0637
2.15,11,141,6.73532,18.9364,15.4379
2.15,9,187,5.67431,14.9598,10.6409
2.15,8,116,6.36068,14.1928,10.6809
2.15,14,94,10.0811,24.2601,17.7549
2.15,10,31,7.72818,15.9952,11.8442
2.15,11,116,7.86395,18.7912,12.3637
2.15,15,76,7.07299,25.8769,19.6421
2.15,10,84,8.11634,17.3038,13.5553
2.15,12,89,7.62673,19.1988,12.9168
2.15,14,168,8.25971,24.6433,16.2803
2.15,9,74,8.29394,14.532,10.4349
2.15,12,63,8.43642,22.6129,16.1375
2.15,14,109,7.28958,25.7737,21.3598
2.15,12,90,8.72133,20.5765,14.0826
2.15,9,52,5.05488,15.2297,12.7918
2.15,11,94,6.02148,21.0468,15.5461
2.15,13,137,7.41428,21.03,15.1361
2.15,10,35,7.07631,17.9256,12.109
2.15,15,90,7.17063,27.9142,19.5793
2.15,11,77,7.4962,18.5114,13.805
2.15,9,100,6.92974,15.0775,11.6165
2.15,14,61,9.03396,24.8115,16.1897
2.15,7,33,6.8627,12.5676,10.1806
2.15,11,129,7.32548,19.8554,12.2863
2.15,8,52,5.85992,12.9308,8.45192
2.15,12,36,5.96052,20.5786,14.5606
2.15,10,36,8.16302,18.2998,10.897
2.15,9,57,6.02005,16.0881,12.5409
2.15,11,115,6.91017,19.7161,14.1775
2.15,10,87,7.69914,18.03,12.0477
2.15,9,84,8.42944,16.9492,13.2376
2.15,8,44,7.42606,14.4172,11.7875
2.15,8,78,5.05766,13.4445,9.30129
2.15,10,86,6.04664,18.5534,13.3914
2.15,10,76,6.9543,16.3865,12.7338
2.15,8,80,6.18741,13.1144,10.6431
2.15,11,93,7.26269,17.226,14.8376
2.15,8,89,5.85649,13.743,9.14494
2.15,10,42,8.28003,15.856,10.4058
2.15,8,69,6.79816,13.7224,10.7375
2.15,9,89,6.6937,16.3146,10.0442
2.15,13,40,8.59923,18.864,12.6667
2.15,16,136,11.3788,24.9001,17.9419
2.15,10,84,7.26532,15.7227,11.4424
2.15,7,64,5.76382,12.3097,9.79594
2.15,13,241,8.74724,22.7478,16.4977
2.15,9,69,5.98713,13.7203,10.6871
2.15,8,56,5.53371,14.9989,12.364
2.15,11,64,5.69485,16.5383,12.2888
2.15,8,76,6.06414,13.1526,9.57089
2.15,12,145,8.23612,20.595,13.5965
2.15,7,42,5.69532,11.4538,8.48804
2.15,9,71,7.31936,15.2537,10.3863
2.15,10,83,6.21949,15.5155,11.2454
2.15,11,40,6.10775,19.2615,13.1361
2.15,11,87,7.13585,18.49,14.9041
2.15,11,54,6.97178,18.3114,13.2337
2.15,13,103,10.0201,22.6531,16.5004
2.15,11,78,7.35732,18.4646,14.5912
2.15,10,109,6.50141,16.8136,12.6886
2.15,12,57,8.99983,18.945,14.1573
2.15,9,79,6.68244,15.4981,12.0527
2.15,11,120,6.88542,19.8764,14.2263
2.15,13,107,10.6185,23.3271,14.7962
2.15,9,47,7.00892,15.6283,11.6663
2.15,16,97,10.5958,26.878,21.3421
2.15,15,130,10.0952,27.4879,19.8693
2.15,12,42,8.68461,19.9132,14.8669
2.15,7,33,5.7129,12.1305,9.0049
2.15,10,49,6.13632,17.5587,13.752
2.15,11,122,7.58195,20.452,16.732
2.15,12,50,7.47614,19.635,14.2164
2.15,9,103,7.12286,14.2032,10.5146
2.15,15,80,9.14641,27.4806,20.2056
2.15,9,55,7.39426,16.4111,12.9869
2.15,14,61,7.76954,24.0354,17.853
2.15,13,98,8.5113,19.4604,14.5246
2.15,11,116,8.53897,18.2884,14.0554
2.15,15,93,9.76039,27.1628,19.471
2.15,9,70,7.31662,15.4749,9.22431
2.15,8,92,5.11185,13.5432,11.3229
2.15,9,65,6.13156,13.1682,10.3972
2.15,10,48,6.50478,17.8529,13.9465
2.15,15,50,9.16536,27.7295,19.575
2.15,14,80,9.71051,25.1198,17.1342
2.15,11,30,6.279,18.2715,14.1563
2.15,16,87,9.39925,28.2519,18.3865
2.15,11,52,7.21653,21.1022,16.0953
2.15,9,27,6.2733,15.4798,11.5529
2.15,13,102,10.8355,22.9597,15.648
2.15,12,46,8.06884,20.8348,13.716
2.15,15,75,9.26257,27.57,19.3719
2.15,13,156,6.54302,20.884,15.5755
2.15,11,114,7.76793,19.9493,14.0761
2.15,15,104,7.88131,29.5374,20.7904
2.15,15,53,9.04373,25.2461,17.0545
2.15,8,26,5.32471,12.7705,11.1467
2.15,9,48,6.51117,16.4456,13.2645
2.15,10,131,5.99223,18.237,13.336
2.15,7,106,6.47766,11.799,8.98386
2.15,7,29,6.86406,12.5683,8.89095
2.15,9,82,5.83816,15.3904,11.7879
2.15,14,84,9.46162,25.3376,17.7164
2.15,11,77,8.74564,19.0257,12.6948
2.15,8,59,6.61079,13.5378,9.707
2.15,7,40,5.53574,12.1835,10.3611
2.15,11,61,6.72689,20.7202,17.3613
2.15,8,57,5.97239,14.0136,11.1467
2.15,13,102,9.09992,20.2729,13.8676
2.15,8,135,6.90132,14.9419,10.6922
2.15,12,45,9.50646,21.6765,14.6866
2.15,7,94,6.87567,12.0426,9.37918
2.15,11,157,7.2002,17.7566,12.7464
2.15,8,76,5.04924,13.6635,9.83051
2.15,12,85,8.35614,21.5569,15.3167
2.15,10,39,7.89139,16.9534,12.8016
2.15,10,203,6.6223,18.5347,13.3062
2.15,9,117,8.85617,16.0218,12.0129
2.15,14,115,8.52035,24.11,16.0551
2.15,10,98,6.83504,17.1856,12.6443
2.15,11,54,6.19387,17.7115,12.0699
2.15,11,63,7.05602,18.8249,12.9363
2.15,12,55,7.37453,21.304,14.366
2.15,14,125,8.92204,26.0829,17.4424
2.15,11,47,7.51511,18.2713,13.472
2.15,11,96,6.86375,20.4476,15.3928
2.15,9,43,6.45414,15.6404,12.1958
2.15,9,61,6.95935,15.8061,12.0516
2.15,13,149,8.33682,23.4364,16.3136
2.15,12,74,7.99066,20.879,13.6451
2.15,10,125,7.86083,18.5709,14.0283
2.15,9,68,7.19806,15.5909,11.1551
2.15,11,55,7.37036,19.6398,14.0923
2.15,9,67,7.22055,15.0976,12.1311
2.15,11,61,6.68313,20.039,13.9728
2.15,11,95,8.17012,19.9005,14.321
2.15,11,69,7.79543,19.0964,14.9154
2.15,12,78,8.82896,21.2347,11.7339
2.15,9,137,6.75646,14.645,10.627
2.15,13,96,8.43512,21.6964,16.2512
2.15,15,103,9.60016,26.6996,17.7251
2.15,12,84,7.46111,20.4783,15.6054
2.15,12,116,5.7119,20.3992,15.9031
2.15,8,160,7.37047,13.8291,9.73238
2.15,11,83,6.16976,17.7591,14.4816
2.15,9,74,7.49094,16.3957,12.1746
2.15,12,60,7.71395,20.9168,16.6652
2.15,10,50,8.76163,19.3073,13.0798
