extend,number_of_states,RRT_execution_time,gripper_distance_cart,robot_distance_jointspace,path_exec_time
0.05,349,306,8.65828,17.3624,12.925
0.05,338,67,9.52987,16.7835,9.96888
0.05,615,250,15.469,30.546,22.776
0.05,680,984,17.0784,33.8624,20.9981
0.05,518,608,11.4106,25.731,17.5154
0.05,486,161,10.0244,24.1801,16.2736
0.05,390,234,12.9917,19.4005,13.4701
0.05,567,261,13.571,28.2973,17.0015
0.05,574,856,11.4175,28.5232,20.1394
0.05,398,256,8.32182,19.8095,14.7967
0.05,367,253,9.69593,18.2467,10.5469
0.05,574,183,11.5636,28.5128,20.0294
0.05,520,125,10.8733,25.8433,14.0485
0.05,287,57,6.93011,14.2747,11.1444
0.05,345,192,9.01856,17.1821,12.2742
0.05,430,592,10.4323,21.371,16.0561
0.05,532,313,10.5347,26.4985,19.7608
0.05,521,190,12.605,25.9871,16.8893
0.05,460,188,11.3507,22.8593,15.1116
0.05,441,390,12.2867,21.9663,16.2699
0.05,519,375,11.9127,25.8423,18.4189
0.05,487,366,12.0743,24.2597,17.5491
0.05,573,239,11.6822,28.5202,21.8857
0.05,396,170,9.78916,19.6607,13.1532
0.05,501,236,9.23519,24.9127,15.8435
0.05,434,306,9.55627,21.6004,15.4717
0.05,493,379,10.8237,24.5711,17.8961
0.05,371,190,12.3967,18.419,12.0338
0.05,405,208,11.7397,20.1836,13.1648
0.05,526,649,12.2946,26.1445,18.6387
0.15,124,63,8.49575,18.2805,12.9582
0.15,195,274,12.6668,28.8708,20.9979
0.15,156,112,9.19742,23.0104,17.8371
0.15,216,280,15.2855,31.935,22.9677
0.15,189,218,15.1825,28.0033,19.9594
0.15,131,93,7.97241,19.3073,15.5978
0.15,112,75,9.11429,16.515,10.4486
0.15,135,127,11.9072,19.9685,13.0817
0.15,156,149,12.7112,22.941,15.9365
0.15,97,55,7.68374,14.2628,9.15027
0.15,211,403,14.7814,31.1557,22.0891
0.15,108,133,10.4696,15.9758,10.6683
0.15,134,79,9.14661,19.8315,13.3401
0.15,160,177,12.9093,23.6744,16.3106
0.15,146,570,9.50622,21.7059,13.6462
0.15,116,94,7.76515,16.9678,12.6179
0.15,154,126,10.8304,22.7944,16.281
0.15,136,71,10.9757,20.246,14.6803
0.15,207,558,13.8289,30.4449,19.6418
0.15,111,62,8.95121,16.4072,12.403
0.15,143,130,9.15367,21.0954,13.3863
0.15,115,107,9.93856,16.9387,11.9421
0.15,96,103,7.13504,13.9476,9.02059
0.15,146,406,10.882,21.4396,14.2122
0.15,177,108,11.0143,26.2995,19.2455
0.15,124,97,8.51877,18.2305,13.8698
0.15,127,370,11.2442,18.7905,12.5783
0.15,118,274,8.84786,17.4437,12.5006
0.15,138,186,11.8039,20.2938,15.2316
0.15,100,47,8.471,14.5736,11.3945
0.25,61,189,8.25881,14.8659,10.8077
0.25,89,218,10.3761,21.834,14.6889
0.25,88,276,9.4036,21.6953,14.2607
0.25,166,490,16.2266,40.385,26.8243
0.25,97,90,13.3524,23.8225,15.0845
0.25,80,151,9.28307,19.4317,11.9773
0.25,106,190,12.8721,25.9767,19.7506
0.25,54,39,6.678,13.0381,9.55297
0.25,76,90,8.98492,18.6955,13.6605
0.25,138,151,13.6806,33.7115,23.9226
0.25,73,127,9.46866,17.6674,12.6417
0.25,62,94,10.1891,15.0526,12.0469
0.25,92,299,9.57167,22.5491,16.868
0.25,113,128,13.9011,27.677,19.5038
0.25,79,350,8.68478,19.2199,12.7195
0.25,84,193,7.40837,20.4863,15.674
0.25,73,250,10.41,17.7313,12.5928
0.25,87,99,12.2281,21.1897,13.5964
0.25,77,99,9.69334,18.9279,14.2181
0.25,132,133,16.593,32.3821,22.3423
0.25,91,108,10.5264,22.3305,16.2266
0.25,97,120,8.9193,23.6549,16.5533
0.25,137,146,15.802,33.9323,22.3129
0.25,95,100,12.733,23.0872,15.8673
0.25,89,60,9.12551,21.6966,14.4101
0.25,119,123,11.9682,29.2111,19.4248
0.25,61,114,10.4964,14.7767,9.76579
0.25,67,281,7.19799,16.1988,12.0858
0.25,120,152,16.485,29.2306,20.5786
0.25,107,193,13.1725,26.2333,18.5779
0.35,46,40,10.2759,15.3976,11.2804
0.35,70,79,10.3093,23.881,17.5767
0.35,66,89,10.2224,22.2309,15.8081
0.35,45,45,7.74175,14.7904,10.7577
0.35,56,54,10.101,18.926,13.0851
0.35,81,405,15.7917,27.4185,19.233
0.35,71,216,9.1721,24.1583,18.9514
0.35,58,50,8.26029,19.69,13.0087
0.35,85,170,13.2794,28.8245,19.3599
0.35,48,98,9.57427,16.4306,12.397
0.35,65,83,16.5043,22.3643,14.6853
0.35,90,161,12.4694,30.4971,19.1964
0.35,49,75,8.9855,16.3962,12.284
0.35,57,83,8.9981,18.9953,15.1355
0.35,63,114,10.1725,21.405,15.2491
0.35,55,111,11.5076,18.5876,13.9078
0.35,50,138,8.92669,16.7961,12.6047
0.35,67,144,10.4866,22.7862,15.6715
0.35,72,237,13.8363,24.5301,17.2943
0.35,91,135,14.2373,30.9522,21.8177
0.35,37,40,7.25148,12.3786,9.82827
0.35,54,123,8.93486,18.2091,11.7451
0.35,80,168,11.2043,27.3323,18.57
0.35,56,140,12.0897,18.8961,13.5549
0.35,43,86,7.97685,14.4369,9.7664
0.35,66,49,8.95143,22.4061,16.3478
0.35,39,78,9.37406,13.1633,8.11451
0.35,86,159,15.4848,29.3953,20.3756
0.35,74,145,13.3366,25.1739,18.5627
0.35,85,247,11.5116,28.7715,18.4694
0.45,45,67,10.8504,19.1149,13.0173
0.45,61,164,12.7518,26.4322,18.5094
0.45,54,218,13.9033,23.8276,15.5874
0.45,28,56,8.06422,12.039,7.26342
0.45,67,112,13.2589,29.3132,21.0072
0.45,54,70,9.61831,23.1952,15.1219
0.45,58,53,11.6039,24.9708,18.3265
0.45,47,500,10.0658,19.852,13.5939
0.45,63,95,13.0587,26.3679,16.6453
0.45,52,136,15.2434,22.5157,15.1241
0.45,39,84,8.0356,17.001,11.5522
0.45,54,177,11.8464,23.5952,15.9022
0.45,41,212,8.45241,17.5166,12.1056
0.45,39,141,8.34591,16.3922,12.5556
0.45,39,56,10.0392,16.9193,11.3235
0.45,58,130,14.6437,25.3455,17.519
0.45,47,156,7.57037,19.4177,13.5643
0.45,61,93,11.3733,26.3049,19.295
0.45,72,155,12.829,31.395,23.1653
0.45,57,152,11.1366,24.3193,16.7385
0.45,68,331,15.2331,28.9665,19.0835
0.45,49,66,9.7751,21.1367,14.2642
0.45,45,52,9.03892,19.4594,14.4506
0.45,36,95,8.27272,15.3857,11.0113
0.45,39,107,8.39413,16.9585,12.8115
0.45,56,111,10.3133,24.382,15.0026
0.45,43,149,9.43139,18.2483,13.2827
0.45,54,228,9.36536,23.0762,14.6652
0.45,37,58,9.67906,15.4666,10.1689
0.45,55,199,12.5963,23.8834,17.1713
0.55,40,77,9.75943,20.9281,14.5317
0.55,52,108,13.2252,27.6296,19.4275
0.55,44,97,8.87657,22.9822,16.0507
0.55,39,132,10.5251,20.7425,14.343
0.55,42,91,9.46032,22.1637,16.5189
0.55,44,304,9.93202,23.0516,16.71
0.55,37,105,11.139,19.6368,13.9847
0.55,28,82,6.94202,14.6651,12.4714
0.55,36,232,9.03408,18.6245,13.9309
0.55,58,157,16.531,30.4767,19.1251
0.55,43,115,10.9299,22.6781,14.235
0.55,36,85,10.1549,18.8236,15.1079
0.55,34,82,8.40241,17.5483,12.6797
0.55,34,103,8.84123,17.4763,12.3989
0.55,35,67,11.3115,18.4908,14.1408
0.55,33,117,8.76589,17.4152,12.2903
0.55,28,129,9.31376,14.0731,10.6321
0.55,41,172,13.3622,21.7773,14.677
0.55,48,86,12.3449,25.6816,17.0644
0.55,63,143,15.5674,33.3684,21.6781
0.55,31,244,10.0857,15.8445,11.3682
0.55,40,131,11.6671,20.8125,16.0433
0.55,34,177,11.6491,17.7181,12.7768
0.55,36,94,10.7714,19.1624,14.2091
0.55,30,178,8.14333,15.1388,10.476
0.55,61,161,13.0161,31.9001,23.4195
0.55,33,87,11.556,17.0754,13.8439
0.55,38,149,9.85916,19.7565,13.4949
0.55,32,148,8.78549,16.4605,10.6446
0.55,46,165,11.573,24.3434,17.4367
0.65,39,103,10.6467,24.0621,18.0511
0.65,27,63,8.0924,15.8026,11.7666
0.65,23,49,8.00189,14.1406,10.0979
0.65,30,62,9.25493,18.7424,13.823
0.65,32,166,9.28475,19.5752,12.3965
0.65,31,222,7.91275,17.5387,11.6336
0.65,35,184,8.81053,21.2489,14.3004
0.65,33,97,10.0985,19.789,15.5726
0.65,33,75,11.0244,20.4557,15.4301
0.65,39,100,11.7221,24.3344,16.207
0.65,23,40,8.08429,13.816,10.104
0.65,34,124,10.8213,20.3551,12.5463
0.65,40,139,8.78763,24.4275,13.2901
0.65,28,71,7.91773,16.8144,12.3356
0.65,54,226,14.3457,32.9824,21.9936
0.65,37,49,11.4272,22.5545,14.8236
0.65,33,79,8.54223,20.2714,13.8543
0.65,38,71,8.33016,23.1504,17.6293
0.65,34,166,9.05232,20.6158,16.7518
0.65,42,234,11.6759,25.7142,16.2631
0.65,29,65,9.64217,18.0963,12.3427
0.65,28,60,8.63074,16.9202,12.7408
0.65,46,116,10.9385,28.8144,18.3722
0.65,29,30,6.6786,17.2881,13.1876
0.65,33,61,10.0554,20.1082,13.4189
0.65,42,58,9.22087,24.5162,17.2813
0.65,29,75,8.95939,17.3093,11.8619
0.65,33,35,8.921,19.6788,13.728
0.65,22,41,7.09357,13.0414,9.70289
0.65,27,103,7.70327,16.1572,12.018
0.75,34,82,12.729,23.6553,16.6108
0.75,34,157,10.787,24.4613,17.5428
0.75,32,56,13.7148,22.1811,16.6529
0.75,24,97,9.47596,16.2268,10.7629
0.75,23,74,6.69987,16.2401,12.6053
0.75,41,91,10.7648,28.6728,19.9386
0.75,20,142,9.40816,14.0716,10.6421
0.75,22,63,7.24066,14.5257,12.5023
0.75,33,64,11.1122,23.1179,17.6809
0.75,35,177,11.9906,24.762,15.9983
0.75,22,198,10.9414,15.6905,11.1303
0.75,26,57,7.10868,18.017,12.9634
0.75,22,76,7.19354,14.866,13.4923
0.75,34,376,14.4128,24.1823,18.696
0.75,26,161,10.0168,18.4864,12.9702
0.75,33,129,11.5897,22.8536,15.9206
0.75,26,139,7.71641,18.1287,12.6484
0.75,34,105,10.1596,23.0208,16.435
0.75,35,198,13.5669,24.3113,16.4229
0.75,34,125,10.5585,24.191,17.3763
0.75,39,182,13.5383,27.8044,20.3008
0.75,26,101,10.0764,17.6768,12.2641
0.75,26,83,7.1821,18.0684,14.7044
0.75,29,103,8.4304,20.4292,13.8553
0.75,30,114,10.0969,20.8134,14.6547
0.75,23,125,6.9362,15.8271,11.8276
0.75,27,93,7.71167,18.6968,12.5503
0.75,25,51,7.58935,16.9427,13.4663
0.75,22,68,9.29463,15.3162,10.054
0.75,35,82,9.08583,24.5511,17.9624
0.85,20,119,8.63659,15.4737,11.7764
0.85,34,95,14.5336,27.2914,16.9207
0.85,27,136,8.53336,21.0814,16.1246
0.85,18,43,6.99715,13.4813,10.3831
0.85,22,205,7.48429,16.6513,13.28
0.85,36,167,16.0172,28.7424,18.1035
0.85,26,54,7.94792,20.1915,16.1529
0.85,24,164,6.19788,18.0248,13.6726
0.85,26,186,8.28951,19.3593,13.366
0.85,18,53,6.79508,13.7724,8.95775
0.85,16,33,7.44116,12.5737,10.7534
0.85,36,108,13.2177,27.801,17.277
0.85,23,75,8.84172,18.0197,13.8268
0.85,20,103,6.07524,14.6706,10.3901
0.85,21,53,7.14776,16.2144,11.797
0.85,22,34,5.6043,16.828,12.9069
0.85,20,79,8.86592,15.4781,12.4083
0.85,21,65,8.47493,16.2402,11.2284
0.85,27,38,9.00598,20.5718,14.0411
0.85,27,69,10.2578,21.2845,15.5817
0.85,25,56,10.5187,18.8813,13.9751
0.85,16,36,8.09174,12.4535,9.09716
0.85,35,208,11.2089,26.8729,18.7922
0.85,19,90,7.70784,15.1195,11.2888
0.85,29,82,8.36615,21.9706,12.5746
0.85,35,82,13.0703,28.3742,17.7953
0.85,23,89,6.51883,17.6008,11.4324
0.85,21,76,8.55052,15.4482,11.8944
0.85,32,88,10.1644,25.6479,18.4691
0.85,28,88,8.89645,21.447,16.2901
0.95,18,61,5.99336,15.2252,13.8174
0.95,28,51,11.7887,24.5207,13.7242
0.95,17,44,7.9576,14.7323,12.328
0.95,15,42,8.18731,12.6374,9.03996
0.95,18,81,6.75989,15.4741,11.6919
0.95,21,110,8.14158,18.008,12.4292
0.95,20,125,7.76307,16.921,12.727
0.95,15,42,7.82294,12.6182,9.5041
0.95,18,99,6.06646,15.0712,12.3691
0.95,15,38,8.86161,13.0724,10.4331
0.95,17,85,7.89358,14.625,10.1969
0.95,23,79,7.62066,19.4535,16.5396
0.95,21,77,6.82453,18.1168,12.8903
0.95,21,55,10.1527,17.9186,12.9182
0.95,19,39,8.40503,16.0229,12.0798
0.95,21,100,10.3773,17.4973,12.4814
0.95,28,73,9.67581,24.8302,18.8493
0.95,28,102,7.7226,23.4315,18.6051
0.95,32,100,12.9462,27.3699,19.6274
0.95,17,57,7.31574,14.2805,10.2193
0.95,20,45,6.21014,15.8373,11.8013
0.95,19,167,6.61392,15.8906,11.1065
0.95,20,142,7.6225,17.2877,13.5162
0.95,29,80,9.93809,25.4735,19.0507
0.95,21,162,12.1386,18.6943,12.7314
0.95,20,84,8.14603,17.9815,13.9045
0.95,23,130,8.91184,20.1242,14.9459
0.95,16,35,5.31268,13.3668,10.4209
0.95,19,48,10.5174,16.7128,12.5327
0.95,26,83,8.24601,22.7304,17.8756
1.05,17,85,8.26127,16.5369,12.1951
1.05,17,79,8.10345,15.2748,10.9152
1.05,25,174,13.9642,24.2967,17.5362
1.05,15,64,8.55789,13.9282,9.37315
1.05,29,199,10.0398,27.6413,19.5428
1.05,16,81,7.85759,14.8508,10.6794
1.05,14,39,7.12679,12.5641,9.46124
1.05,15,32,8.43189,13.8239,9.74971
1.05,15,49,8.6823,12.9482,9.66693
1.05,24,55,10.5578,24.0365,16.279
1.05,19,78,5.96021,17.4805,14.1089
1.05,19,56,8.10623,18.3107,13.0507
1.05,25,183,9.46461,23.8575,18.4306
1.05,16,69,6.86689,14.8413,11.1215
1.05,22,145,9.88836,19.6585,16.3828
1.05,22,85,11.406,20.5567,15.1452
1.05,21,75,10.0541,19.8862,14.5535
1.05,16,59,8.95732,14.836,11.3591
1.05,25,58,8.65986,23.3797,15.507
1.05,16,156,8.07601,15.0264,12.2075
1.05,29,62,11.7986,27.7802,14.4519
1.05,11,29,6.96823,10.2318,6.88712
1.05,16,55,7.73818,14.757,11.24
1.05,19,199,10.4996,17.7781,12.1244
1.05,16,86,7.68539,15.4631,11.6003
1.05,21,43,9.47439,19.0981,13.7502
1.05,20,133,9.53963,19.6977,15.2625
1.05,20,43,9.0273,19.6155,12.4176
1.05,35,96,16.5564,34.8653,23.7638
1.05,23,107,9.35706,21.5463,15.8546
1.15,16,55,6.36177,15.759,10.3615
1.15,23,107,7.96389,22.6484,17.4636
1.15,13,40,7.27719,13.2188,9.484
1.15,14,57,7.03452,13.6043,10.764
1.15,15,99,8.18297,15.3925,11.7718
1.15,15,120,7.48919,15.5346,11.1095
1.15,17,33,7.68501,17.6085,13.003
1.15,16,101,7.00294,15.8646,12.0719
1.15,16,154,6.98452,16.1618,13.4851
1.15,16,109,7.93224,16.2377,13.274
1.15,14,46,8.66582,14.043,9.26924
1.15,25,57,9.47777,25.1812,15.6774
1.15,18,151,9.50669,17.3127,13.6604
1.15,20,83,8.47602,20.8424,16.5813
1.15,18,93,8.13694,18.5143,11.3477
1.15,23,90,10.2544,24.043,16.5136
1.15,15,32,6.90655,15.2232,11.8237
1.15,15,85,6.63041,14.4437,12.2287
1.15,25,122,8.40652,25.429,17.5992
1.15,26,115,10.609,27.3067,18.882
1.15,19,37,7.97169,19.3043,13.3263
1.15,17,111,8.10845,17.744,13.0357
1.15,21,57,8.84329,21.1606,16.0286
1.15,18,60,8.99778,18.1862,12.0043
1.15,22,150,10.4796,22.3649,15.4308
1.15,17,68,8.55509,16.9388,12.2036
1.15,18,58,7.35942,18.2472,11.769
1.15,23,66,7.69822,23.086,16.8284
1.15,15,114,6.87091,15.0819,12.0831
1.15,16,50,7.18379,16.2909,13.627
1.25,25,49,8.81149,27.3197,22.2507
1.25,17,70,8.20278,18.6152,13.3473
1.25,18,65,7.4447,18.785,14.0959
1.25,21,77,8.27474,23.4268,16.7837
1.25,21,128,10.1271,22.5219,18.4159
1.25,15,115,7.07341,15.2226,11.3993
1.25,13,60,8.33983,13.1514,9.49505
1.25,17,72,8.95391,17.9078,12.1567
1.25,16,50,6.67421,17.5686,13.8775
1.25,15,40,8.37135,17.2044,12.7578
1.25,25,82,8.94972,29.0479,21.4582
1.25,18,142,9.97822,20.0474,14.2251
1.25,14,70,7.30689,16.0449,14.4134
1.25,21,47,9.70143,23.341,17.3316
1.25,16,112,7.6713,17.8701,13.2226
1.25,12,50,6.85025,12.6587,9.75961
1.25,16,133,8.4181,17.5074,12.8304
1.25,12,49,6.67631,12.722,10.5045
1.25,16,72,6.62176,16.8169,12.678
1.25,20,66,9.72154,22.0754,15.7008
1.25,15,47,8.10554,15.9255,12.1305
1.25,16,55,9.41655,17.2324,12.0514
1.25,26,61,11.3309,30.3474,21.0267
1.25,18,56,10.675,20.9247,14.0863
1.25,20,140,6.58043,22.16,17.8263
1.25,20,175,9.58599,23.1632,17.7608
1.25,12,79,7.32383,12.9133,8.56882
1.25,16,34,7.3616,18.1482,15.8483
1.25,18,39,10.5842,19.344,15.0219
1.25,19,74,10.4688,21.4696,14.9067
1.35,15,69,9.4926,18.0233,13.1816
1.35,17,112,6.80946,21.1312,15.6839
1.35,12,58,6.26383,14.0759,11.5784
1.35,20,71,9.15484,24.3471,18.7566
1.35,22,88,9.77648,26.5873,17.9785
1.35,12,90,6.09336,13.0634,10.2539
1.35,13,40,6.29565,15.7353,12.1301
1.35,13,130,7.21785,15.2925,12.7377
1.35,16,40,7.48065,19.7455,14.4097
1.35,16,72,7.76251,18.7689,12.7809
1.35,13,34,7.33322,15.5605,12.5002
1.35,18,80,8.57647,21.7971,15.2657
1.35,19,112,7.57928,23.0247,15.331
1.35,17,49,8.05435,20.8682,15.1711
1.35,14,73,7.78152,16.7253,10.7987
1.35,19,87,10.7369,22.8907,18.0446
1.35,16,117,9.53906,18.7613,12.4878
1.35,14,148,7.56415,15.2606,11.0951
1.35,18,66,7.64132,20.9085,14.6262
1.35,25,158,13.6864,29.7,17.3246
1.35,17,136,8.62539,21.0045,14.8264
1.35,19,74,9.4254,22.0754,13.705
1.35,20,139,9.25592,24.3701,18.6599
1.35,15,96,8.46165,17.7868,11.3255
1.35,14,37,6.64057,17.0142,13.2824
1.35,19,93,9.50566,21.5708,15.6173
1.35,21,115,9.65213,24.3637,17.502
1.35,15,47,8.75684,18.0766,13.2986
1.35,15,36,8.57143,18.7248,15.4593
1.35,16,51,9.15624,18.8652,12.4999
1.45,14,70,7.64237,17.3511,14.3397
1.45,9,30,6.40426,11.1093,8.92716
1.45,20,105,10.5895,25.7082,17.8598
1.45,16,56,7.6947,20.87,16.1944
1.45,18,100,8.61029,23.0729,16.2537
1.45,15,86,8.01059,18.4403,14.4256
1.45,17,90,8.18503,21.4354,15.8704
1.45,15,355,7.72605,20.1582,15.1243
1.45,14,44,6.01564,16.995,12.1009
1.45,11,91,8.04227,13.7312,9.69407
1.45,16,114,8.07486,20.9091,18.0339
1.45,16,75,8.85954,19.7633,13.3655
1.45,19,79,9.39407,24.267,18.6475
1.45,16,63,8.54508,20.0858,14.5339
1.45,21,86,8.04421,26.9584,22.6656
1.45,16,177,7.76613,20.1496,13.76
1.45,15,62,9.56053,19.0804,14.3628
1.45,14,76,8.73298,18.2908,13.4249
1.45,15,143,9.91051,19.8447,14.6838
1.45,17,158,11.7861,22.094,15.1855
1.45,14,52,7.05813,17.3047,13.5957
1.45,16,91,12.2991,20.4469,13.5907
1.45,14,44,6.47344,17.7969,14.5198
1.45,11,45,9.05382,12.3549,8.74877
1.45,15,64,6.9163,17.9845,13.6619
1.45,13,60,7.92425,15.6543,11.9862
1.45,15,50,7.35462,18.3268,13.818
1.45,13,91,8.057,16.5896,11.8866
1.45,16,177,8.39871,18.7948,12.425
1.45,16,156,11.6372,20.3441,14.8077
1.55,11,36,6.23514,15.4112,12.2111
1.55,17,173,11.2788,21.8399,14.3249
1.55,11,116,6.69739,14.6502,11.3268
1.55,13,95,8.21175,16.7955,13.7182
1.55,12,44,7.52752,15.898,12.9739
1.55,10,96,6.37454,12.7261,11.0581
1.55,10,43,6.85655,13.5392,11.004
1.55,15,46,9.62305,19.367,14.7275
1.55,14,75,8.90685,19.0584,14.7427
1.55,13,67,6.66764,16.6089,13.571
1.55,12,151,7.21727,16.0552,12.6837
1.55,12,37,6.97226,15.3217,11.9193
1.55,15,40,9.08221,20.2799,14.3093
1.55,11,79,6.39528,15.3117,11.5279
1.55,12,104,7.18896,15.1683,11.7405
1.55,11,40,7.48079,13.9075,11.4957
1.55,13,285,7.56865,17.033,13.5006
1.55,17,92,7.75444,23.3611,16.0631
1.55,13,83,7.72957,16.4147,10.1046
1.55,15,72,9.5482,20.7977,13.5978
1.55,12,48,8.18946,14.926,10.9854
1.55,10,110,8.3081,13.8039,9.82399
1.55,14,56,9.12461,17.818,12.6585
1.55,9,25,6.95872,11.4101,9.07838
1.55,9,48,7.02357,12.2265,9.18212
1.55,14,60,7.57207,19.3208,15.059
1.55,17,98,8.91844,22.7501,16.6998
1.55,11,89,7.48174,15.3131,11.2659
1.55,19,91,9.47041,25.0533,18.1389
1.55,16,112,11.2641,22.2711,14.5862
1.65,13,89,8.04647,17.8416,13.8019
1.65,12,64,8.1252,17.4018,14.3913
1.65,15,77,8.52419,21.3758,14.4951
1.65,10,53,6.00196,14.1123,10.7022
1.65,9,39,8.11209,12.6151,8.45037
1.65,18,92,10.6053,24.2376,16.1847
1.65,13,77,6.27819,17.2445,14.9426
1.65,17,268,8.69312,24.1282,15.8343
1.65,23,110,13.4041,33.5087,21.3964
1.65,10,29,6.62453,12.3398,9.51233
1.65,15,91,8.24884,20.2795,15.3064
1.65,10,47,7.67816,12.4539,8.24487
1.65,12,42,8.64831,17.2549,13.1188
1.65,12,48,7.05443,17.0472,14.3934
1.65,11,51,6.54401,14.9537,11.8535
1.65,14,119,6.6131,17.4303,12.5039
1.65,15,110,9.71668,22.0849,13.3873
1.65,10,85,7.52725,13.0851,8.79889
1.65,12,68,9.2302,16.1562,11.1264
1.65,22,107,14.5151,31.9021,20.0761
1.65,15,75,9.19646,22.2355,14.6919
1.65,11,214,7.65289,15.921,11.3042
1.65,15,69,8.48496,20.8192,17.2221
1.65,12,83,6.83798,16.571,10.853
1.65,16,77,11.4519,23.3948,16.4014
1.65,15,205,8.25518,21.4298,14.7176
1.65,12,99,7.02425,17.396,14.561
1.65,13,51,8.2648,18.3731,13.2916
1.65,13,160,8.07239,19.3927,15.5814
1.65,14,76,6.81363,19.1089,13.3728
1.75,14,127,7.61246,20.5947,14.5288
1.75,9,26,4.99319,13.439,10.3119
1.75,12,102,8.01346,18.8507,13.2348
1.75,13,62,7.29298,20.349,14.9234
1.75,16,156,11.6701,22.9672,17.4668
1.75,13,141,8.76051,19.6064,14.8701
1.75,16,90,8.18566,24.2727,18.8851
1.75,10,76,6.93082,13.9427,11.3001
1.75,9,38,6.9475,12.356,8.59418
1.75,13,53,8.83062,20.6856,14.8127
1.75,11,64,7.36772,15.8071,11.4366
1.75,13,76,10.0658,18.3928,13.9881
1.75,12,140,7.0692,17.2307,13.3795
1.75,14,74,9.82456,22.021,18.9863
1.75,21,115,11.0524,30.5302,19.4703
1.75,9,48,6.50008,13.4999,10.5278
1.75,9,42,6.89383,13.9469,11.492
1.75,9,113,6.33324,13.3231,10.9802
1.75,15,66,7.92149,22.3638,17.8912
1.75,13,68,7.50368,18.707,13.0896
1.75,11,39,6.22086,16.2011,13.2588
1.75,10,63,7.18047,14.651,11.7642
1.75,11,89,8.7612,16.4319,12.3932
1.75,9,31,6.84083,13.4509,10.1903
1.75,11,137,6.83166,16.7,13.3843
1.75,11,121,7.25161,16.8983,12.3736
1.75,10,38,6.86117,14.9946,13.2079
1.75,9,133,7.77763,13.7984,8.93445
1.75,14,105,8.97374,20.8508,13.429
1.75,11,91,5.5928,14.192,10.7056
1.85,15,48,8.717,23.7922,16.6788
1.85,15,71,11.6454,23.2062,15.8186
1.85,20,98,9.22075,29.5962,22.7838
1.85,10,58,5.13606,16.0919,10.5754
1.85,11,42,8.26457,17.4143,12.8268
1.85,10,82,6.07186,14.3454,9.75507
1.85,12,37,6.56763,17.9452,12.7002
1.85,15,81,9.13839,23.6828,19.1903
1.85,12,165,8.41049,18.9178,14.0735
1.85,13,123,8.05354,19.5322,14.0768
1.85,12,93,7.97862,18.9565,13.1783
1.85,11,131,7.4718,16.9565,13.6033
1.85,10,48,9.4677,16.1156,11.5629
1.85,14,149,8.46557,20.5067,15.2329
1.85,14,67,8.23434,22.0355,16.597
1.85,13,77,9.37164,20.3901,14.5891
1.85,15,114,10.6356,23.8877,18.3163
1.85,8,59,6.42732,12.7714,8.12245
1.85,11,51,6.65721,17.6422,12.6926
1.85,10,74,6.79666,14.0122,11.5364
1.85,15,54,8.8781,20.3241,14.6702
1.85,13,96,9.34662,19.2664,11.5454
1.85,12,60,8.49358,18.3504,13.1232
1.85,9,59,6.75333,13.4134,8.64764
1.85,14,60,7.14895,21.0803,15.7416
1.85,10,85,6.70564,15.4411,11.2177
1.85,12,71,6.03715,17.9547,14.8223
1.85,14,78,6.81621,21.5052,15.6666
1.85,9,26,5.16471,13.2941,9.16864
1.85,13,58,8.54473,21.2372,18.3997
1.95,12,71,8.61857,20.3568,15.9383
1.95,10,123,6.63642,16.7851,12.4975
1.95,14,42,6.87792,23.5104,18.517
1.95,13,70,8.58994,21.0508,16.3253
1.95,16,63,7.5784,28.1065,22.2784
1.95,11,90,7.36756,18.7576,13.762
1.95,8,218,6.55715,11.9741,9.66985
1.95,12,121,7.69266,17.3767,11.6674
1.95,10,121,7.75294,15.807,11.4632
1.95,8,60,6.26709,12.0171,9.57084
1.95,14,80,10.2864,23.5329,19.8523
1.95,8,33,6.42818,12.0496,8.61002
1.95,10,77,6.31132,14.6974,10.8601
1.95,16,92,8.47844,26.3951,16.6863
1.95,11,122,7.99889,17.6887,11.5777
1.95,10,82,5.76906,16.2967,13.2838
1.95,10,86,6.55975,16.6875,12.2842
1.95,10,47,7.2516,14.7935,11.0888
1.95,10,47,6.63025,17.3226,14.2336
1.95,14,62,8.75227,22.9656,16.5038
1.95,11,85,9.03739,16.7905,11.9033
1.95,12,33,7.52614,20.0957,12.9907
1.95,8,40,5.42877,13.319,9.08749
1.95,9,72,7.05911,15.1202,12.1192
1.95,13,132,9.27112,20.0278,14.8559
1.95,13,124,8.82981,21.6223,14.9625
1.95,10,75,6.51904,15.8451,12.1921
1.95,14,63,7.76494,21.4322,16.6039
1.95,13,67,6.14478,19.8166,14.4003
1.95,12,38,6.60182,17.5269,12.8802
2.05,8,39,5.95429,14.0575,9.67514
2.05,9,44,5.37059,14.9539,7.92263
2.05,16,120,7.93146,24.6665,17.2235
2.05,9,25,6.36762,14.6469,10.1401
2.05,12,49,6.38578,21.7997,15.7779
2.05,10,91,7.41209,17.5855,12.9516
2.05,11,29,7.16165,16.0001,11.7392
2.05,10,48,7.06687,15.0592,11.3016
2.05,8,41,5.12341,12.9666,10.062
2.05,10,131,7.2811,17.2043,12.9222
2.05,12,83,8.04819,19.427,15.437
2.05,13,93,9.31647,23.7094,16.0073
2.05,11,41,7.90092,17.2699,11.534
2.05,11,71,7.14685,19.1643,14.9867
2.05,8,37,8.34486,13.2195,9.85021
2.05,7,27,6.27269,11.9109,8.83595
2.05,8,108,5.89087,12.6382,10.266
2.05,8,34,6.16288,13.0168,7.81278
2.05,13,73,8.65292,21.5711,16.9281
2.05,9,50,8.136,15.5043,9.8062
2.05,10,120,7.90172,15.2315,11.3508
2.05,13,93,7.97127,20.7941,16.7338
2.05,14,68,6.88147,22.6136,20.7737
2.05,13,51,7.42121,22.6657,17.7805
2.05,10,57,9.08995,15.841,11.489
2.05,9,45,6.19718,14.4614,10.8474
2.05,11,53,7.07061,16.3256,10.9381
2.05,9,66,5.69852,13.6503,10.4882
2.05,11,104,7.55334,18.4719,15.2617
2.05,12,82,10.3099,22.3401,16.8216
2.15,13,52,6.24986,21.4184,17.025
2.15,9,26,5.69793,14.0023,11.0316
2.15,8,55,5.61586,14.2664,12.0912
2.15,11,65,9.91656,20.0109,13.2306
2.15,10,75,6.25683,16.3657,12.5402
2.15,11,33,7.1726,19.1153,13.1494
2.15,13,64,8.28781,22.9821,15.8936
2.15,12,65,6.78889,21.381,17.6487
2.15,10,41,6.29269,16.0821,12.2654
2.15,9,86,7.22824,15.4684,11.856
2.15,13,77,9.45706,24.0324,17.5724
2.15,14,82,8.42035,26.9885,16.6735
2.15,9,58,6.80119,16.7378,12.1548
2.15,10,86,7.38212,18.3162,12.7908
2.15,8,47,6.01768,14.3736,11.6149
2.15,11,55,6.61741,18.6371,14.4636
2.15,10,70,7.52323,18.6832,13.3672
2.15,10,73,7.33495,17.2726,11.4599
2.15,10,41,6.76086,16.2997,11.5213
2.15,9,126,8.13568,15.9597,13.7721
2.15,7,25,6.10324,11.3249,8.34871
2.15,13,124,8.51364,21.9458,15.6447
2.15,12,80,9.05077,21.9014,14.6805
2.15,8,123,7.30545,14.8632,11.0437
2.15,8,58,5.95471,13.8316,11.4974
2.15,7,27,5.67968,12.5039,10.4667
2.15,10,183,7.75373,17.6692,12.1743
2.15,16,111,10.223,30.2248,20.5764
2.15,12,73,7.81807,19.5688,13.7256
2.15,11,86,6.90198,18.3551,15.0308
2.25,8,33,6.0189,14.8981,12.2185
2.25,17,120,10.926,31.7578,20.7607
2.25,7,81,5.46582,12.4904,8.32074
2.25,13,144,8.58716,23.7888,17.1463
2.25,9,94,7.79492,16.0414,12.1653
2.25,12,167,8.26476,20.2347,14.4272
2.25,9,75,8.20161,15.2735,11.5217
2.25,13,56,6.8499,24.7395,18.0305
2.25,13,93,7.67689,23.4931,18.146
2.25,11,151,8.0323,22.0109,17.4861
2.25,9,62,5.65116,14.8457,11.6084
2.25,13,136,9.15632,20.7366,15.0912
2.25,17,104,11.9056,33.4521,24.4334
2.25,14,58,9.91057,27.854,17.6879
2.25,12,83,7.53464,21.1934,16.7735
2.25,7,45,5.04498,12.4678,9.5097
2.25,16,140,8.33068,25.7072,15.5785
2.25,11,69,8.11322,19.0142,13.3445
2.25,11,64,7.01522,20.7621,16.7236
2.25,10,46,6.81052,18.0838,14.8151
2.25,10,75,6.46777,17.8551,12.4811
2.25,8,50,7.01023,15.387,10.8956
2.25,11,81,8.20571,21.1422,13.9884
2.25,16,95,9.02069,29.8471,20.5612
2.25,10,46,6.69308,18.2488,13.3312
2.25,11,83,7.62513,18.3099,14.4931
2.25,10,101,6.88743,18.2049,11.5245
2.25,12,96,7.89652,21.4772,17.1469
2.25,11,52,6.62355,18.0307,13.3343
2.25,9,38,5.88429,15.9011,12.2311
2.35,12,72,8.1503,22.8239,16.143
2.35,8,56,6.87337,15.0987,10.6965
2.35,10,46,7.14963,19.9709,13.8935
2.35,12,86,7.82922,21.4188,14.4528
2.35,7,84,6.63142,14.0872,10.9762
2.35,10,48,7.8448,19.5217,13.7024
2.35,8,55,5.84937,14.1822,9.81989
2.35,11,157,7.37342,20.0966,16.2717
2.35,14,90,9.76222,25.5786,16.3573
2.35,9,93,6.60947,15.7409,12.4402
2.35,15,83,10.1221,28.193,19.5351
2.35,9,118,7.00562,17.845,12.1835
2.35,10,57,6.82144,18.9443,14.4779
2.35,9,39,6.65816,15.0791,10.3532
2.35,10,63,6.35868,18.8887,14.086
2.35,13,97,10.7431,23.5989,15.8191
2.35,8,50,6.00469,14.4285,10.9346
2.35,8,87,8.1693,14.5535,9.832
2.35,9,67,6.27159,15.4609,11.6799
2.35,9,31,6.70471,18.3165,13.8366
2.35,9,123,6.47679,17.0382,11.946
2.35,10,65,7.50491,19.1622,15.2201
2.35,8,80,7.01486,15.114,11.9558
2.35,8,38,6.43058,14.9572,10.3921
2.35,13,229,8.75358,22.1323,17.0648
2.35,10,62,7.6621,17.3313,12.3459
2.35,14,87,10.0064,26.3442,17.7608
2.35,10,66,6.89091,18.1477,15.0891
2.35,10,97,6.94467,18.7124,11.2659
2.35,9,71,6.17309,14.9845,11.9075
2.45,9,46,6.08316,17.5668,12.0485
2.45,9,66,7.18679,17.5604,12.4881
2.45,10,36,6.05581,18.015,12.7516
2.45,10,68,8.72693,21.976,17.9718
2.45,8,37,6.14115,16.4568,11.6966
2.45,9,75,6.91425,16.5556,12.6186
2.45,10,73,7.66231,18.5346,13.3139
2.45,12,108,8.33348,24.3344,18.69
2.45,7,52,5.33804,14.4693,12.9898
2.45,14,112,10.763,29.6209,20.2581
2.45,12,93,8.76567,24.7796,17.4438
2.45,10,78,8.05068,19.4189,14.4091
2.45,10,70,7.47758,19.2488,13.9839
2.45,9,83,7.63472,17.6927,13.4738
2.45,12,54,9.84196,25.1784,15.4997
2.45,10,79,6.94925,20.2679,14.9143
2.45,10,114,7.20692,20.1693,13.7744
2.45,10,78,7.41893,18.7216,12.8764
2.45,10,80,8.30653,19.307,15.273
2.45,8,56,5.53097,16.1533,12.1613
2.45,7,37,5.8672,12.7665,8.61718
2.45,12,197,9.45924,22.9142,15.2259
2.45,11,59,6.72825,21.2147,14.181
2.45,7,36,5.4386,12.6512,10.2949
2.45,8,53,6.5017,16.9271,12.8146
2.45,11,80,6.70693,22.7617,17.6597
2.45,10,84,6.74413,18.1692,13.9936
2.45,15,168,9.94784,27.8035,18.7691
2.45,12,113,6.44095,23.5555,17.606
2.45,15,104,8.22241,29.6933,21.6917
2.55,7,67,5.65725,14.9891,11.4387
2.55,7,62,7.11223,13.8892,10.6711
2.55,14,92,10.1099,27.4356,17.7043
2.55,11,78,7.49824,20.3726,15.9172
2.55,10,63,6.9536,19.4696,14.2333
2.55,10,126,8.27714,20.1666,13.7906
2.55,13,102,10.9117,26.6412,20.0342
2.55,9,45,5.01284,17.1474,12.9416
2.55,10,108,7.02746,18.1675,13.4541
2.55,10,44,6.20899,18.0447,13.0404
2.55,8,79,5.62415,15.6426,12.2098
2.55,10,73,6.69578,21.0997,14.0965
2.55,10,109,6.24683,22.0874,16.0654
2.55,7,81,5.84521,13.5714,9.79449
2.55,13,96,9.22339,27.3117,17.0842
2.55,14,64,9.67953,29.465,18.4807
2.55,9,57,6.16795,18.9172,13.8134
2.55,8,93,6.87804,16.767,12.1855
2.55,9,85,6.8031,19.5862,13.2291
2.55,8,42,7.587,15.398,11.7961
2.55,6,33,5.83968,12.012,9.48677
2.55,7,39,6.46995,13.9968,9.2946
2.55,11,75,6.90073,22.8902,16.5332
2.55,7,49,6.32966,13.4169,9.49008
2.55,11,82,7.95193,20.7839,13.8135
2.55,10,85,8.17531,19.8215,12.8131
2.55,8,90,6.32548,15.892,12.5117
2.55,9,108,6.92654,17.2774,12.8539
2.55,7,122,5.81147,12.8118,8.90157
2.55,10,45,8.0647,17.9468,11.5204
2.65,7,79,5.9955,15.6231,11.856
2.65,8,83,5.95766,17.167,12.3615
2.65,9,57,6.04569,20.4573,17.1201
2.65,6,35,5.88349,11.3749,8.47272
2.65,9,60,7.26958,18.4095,12.9113
2.65,10,115,6.66736,18.9566,14.1121
2.65,14,132,10.1914,30.5887,19.1722
2.65,11,88,8.4659,22.9182,16.2006
2.65,8,31,6.63,15.1635,9.82304
2.65,7,169,4.61432,13.3551,10.3379
2.65,7,123,5.02244,14.3437,11.1334
2.65,10,102,9.47825,22.2162,16.6104
2.65,8,32,6.77128,16.7617,13.3786
2.65,13,64,8.94377,27.1054,19.2551
2.65,10,72,7.0406,18.0321,11.9698
2.65,7,89,5.61239,12.5316,8.67977
2.65,12,62,7.94952,25.7227,19.1333
2.65,9,136,5.63225,18.2691,14.0315
2.65,9,146,7.97743,18.695,13.6145
2.65,8,64,5.96152,16.3496,12.0456
2.65,8,68,8.51557,16.0957,10.7016
2.65,12,64,8.09038,28.1696,19.241
2.65,10,46,6.92658,22.5215,15.4306
2.65,15,252,8.76979,29.0247,20.6934
2.65,8,110,7.00514,17.8525,14.3169
2.65,8,52,6.30912,17.2023,11.8644
2.65,10,68,7.17711,19.3969,12.0576
2.65,9,98,7.0519,17.5928,13.0833
2.65,10,73,6.91402,21.5921,14.8417
2.65,10,97,9.3846,21.3248,13.6198
2.75,6,24,5.24636,12.5216,9.52873
2.75,12,85,8.80038,24.4008,16.1246
2.75,9,41,7.45433,19.1168,15.712
2.75,8,58,5.76151,15.4152,11.6813
2.75,8,86,6.46373,17.3481,13.4617
2.75,9,82,6.62019,17.2543,12.2142
2.75,6,36,5.79376,13.1725,10.596
2.75,8,90,6.5168,17.6768,14.3931
2.75,7,64,5.54737,14.631,11.885
2.75,10,145,7.35654,20.0951,13.6464
2.75,10,65,8.37949,19.4135,14.2191
2.75,9,43,8.08763,20.1682,15.9047
2.75,7,70,6.07769,14.2235,10.5503
2.75,7,42,5.09076,14.4619,12.2174
2.75,8,107,6.68966,17.69,13.2498
2.75,12,73,6.76536,23.4598,17.8106
2.75,7,28,5.11511,13.6715,9.30716
2.75,11,77,8.68458,20.5555,16.1344
2.75,12,72,8.19034,27.8066,19.7227
2.75,9,100,6.60255,16.6812,11.7149
2.75,7,52,5.5402,14.274,11.5798
2.75,11,99,8.74782,22.8444,15.8884
2.75,9,57,6.95441,18.2111,13.5573
2.75,7,268,5.15439,15.0226,12.6434
2.75,10,103,6.55887,22.4694,15.4876
2.75,9,42,5.70993,19.1556,14.5812
2.75,8,58,7.4744,17.219,13.4434
2.75,7,103,7.03924,15.2739,10.7891
2.75,10,92,7.04822,20.9634,14.1506
2.75,11,99,9.24866,22.5554,15.4062
2.85,7,35,6.65628,14.4999,10.0206
2.85,8,150,7.11553,17.5296,12.8099
2.85,11,95,7.5355,25.2047,19.1152
2.85,9,100,6.4368,20.0954,13.6728
2.85,13,117,10.1396,30.7036,19.0539
2.85,7,59,7.86584,16.8485,11.2855
2.85,12,84,6.86234,25.2771,17.4836
2.85,7,39,6.11436,16.6008,12.5131
2.85,9,42,8.42478,21.6983,13.6694
2.85,6,35,6.10279,11.734,8.0951
2.85,9,153,7.53467,19.7661,13.208
2.85,9,162,6.37855,19.2221,14.3128
2.85,7,109,6.25542,15.8186,10.4335
2.85,10,72,5.66834,21.4802,13.8802
2.85,11,132,7.34598,23.132,15.0838
2.85,9,106,8.11996,19.789,15.0914
2.85,7,137,6.12731,14.725,10.5179
2.85,10,89,8.66699,22.8155,14.6339
2.85,13,187,9.99257,30.9979,22.7458
2.85,8,40,5.01317,14.6425,9.76615
2.85,10,100,8.63696,21.1411,17.1049
2.85,7,43,5.50646,15.1596,12.8081
2.85,12,64,8.28917,25.6066,18.0095
2.85,7,57,5.30395,13.5923,10.5577
2.85,8,40,6.90564,18.2989,15.1313
2.85,10,101,8.71059,21.2782,16.7338
2.85,12,80,8.82269,22.8878,15.4328
2.85,9,109,5.94517,19.482,12.8792
2.85,10,65,6.83319,21.6038,16.6586
2.85,7,30,6.46475,14.3272,9.43635
2.95,10,142,7.61663,23.892,16.0221
2.95,8,83,6.28432,19.7912,12.2807
2.95,6,43,4.97179,13.6059,10.4982
2.95,10,136,7.68114,21.9736,15.9172
2.95,11,49,7.21664,24.2701,18.4764
2.95,12,121,6.66228,24.8058,16.9475
2.95,9,126,6.89261,20.7532,15.8718
2.95,9,110,5.85184,18.7466,13.9918
2.95,10,96,6.7671,23.2139,13.9711
2.95,7,45,6.40885,15.8506,12.4394
2.95,7,116,7.08135,17.6608,13.0833
2.95,13,168,9.04266,29.858,22.5687
2.95,8,55,6.08541,17.8666,12.8228
2.95,10,76,7.2133,21.9044,18.3204
2.95,9,86,7.26547,22.3125,14.8656
2.95,10,67,8.53117,20.5719,14.1008
2.95,7,114,5.12844,15.1549,13.038
2.95,8,121,6.29122,17.4382,13.9768
2.95,14,159,11.3365,30.9349,21.8537
2.95,10,78,7.46568,24.2649,16.9814
2.95,5,120,5.20867,10.9324,7.59578
2.95,12,155,7.98897,24.6666,18.7001
2.95,7,80,5.74243,15.6264,11.3693
2.95,6,23,5.28541,14.554,10.1455
2.95,10,145,10.4537,25.6266,17.0707
2.95,8,59,7.68361,17.6141,13.5435
2.95,9,78,4.11443,18.6812,15.055
2.95,14,80,10.462,31.2797,23.3556
2.95,9,103,7.04975,21.1371,15.8444
2.95,10,161,8.7947,19.9245,13.5409
3.05,9,154,6.67808,22.2921,16.2789
3.05,10,103,8.29431,23.9657,15.8723
3.05,6,47,4.55081,13.5235,10.9522
3.05,10,80,8.34077,23.4101,19.3765
3.05,10,65,5.87786,22.7229,18.5589
3.05,9,67,6.29616,23.1548,17.5976
3.05,12,93,9.77441,26.5656,18.3001
3.05,6,49,6.55889,12.7006,8.56316
3.05,6,28,5.54979,12.4534,8.11084
3.05,7,56,6.00327,16.8611,11.2685
3.05,10,119,6.79861,22.4099,17.3032
3.05,6,67,5.91999,14.1844,11.2796
3.05,9,48,8.10503,21.4819,16.1741
3.05,8,55,5.59328,16.0346,10.122
3.05,7,66,6.15766,16.6761,11.0488
3.05,7,40,5.16358,15.8846,13.0978
3.05,9,74,7.16148,19.9122,14.4159
3.05,12,124,8.42213,27.4648,19.5075
3.05,7,29,5.10843,14.5975,10.8934
3.05,11,148,9.74946,25.8012,19.3897
3.05,7,124,6.26115,14.8411,10.4373
3.05,10,55,7.14355,22.2162,15.6532
3.05,8,68,6.18376,20.2016,15.3119
3.05,8,61,5.94342,20.1165,15.3343
3.05,10,155,6.73284,21.6632,18.4672
3.05,8,84,8.60045,19.8384,13.2568
3.05,10,59,7.28394,25.3225,18.9567
3.05,9,138,7.40435,20.0981,15.1621
3.05,6,30,5.40253,14.2821,9.5468
3.05,10,123,8.04858,22.2909,15.5921
3.15,8,34,5.60965,16.5952,12.6548
3.15,8,155,6.47637,18.1597,12.8997
3.15,9,69,6.71706,18.6992,13.7825
3.15,8,112,6.04907,17.0584,12.4687
3.15,10,122,10.657,25.6496,19.3083
3.15,6,75,5.71014,14.4777,9.91412
3.15,7,72,5.34988,15.87,11.542
3.15,11,139,7.50863,24.3085,17.714
3.15,7,124,5.17635,14.9866,11.4945
3.15,11,140,6.69382,22.7266,17.0309
3.15,8,47,7.03905,19.2948,11.9957
3.15,8,82,5.70785,19.6101,15.2796
3.15,7,42,5.37178,15.8553,13.9095
3.15,9,80,6.30211,21.3355,16.5048
3.15,8,115,6.12973,19.024,12.5549
3.15,9,81,8.92809,23.4009,17.0279
3.15,6,74,6.42887,15.0562,11.0454
3.15,8,42,5.86454,17.6859,14.4002
3.15,8,61,6.6324,17.8328,14.5827
3.15,7,44,7.69449,15.2385,11.0717
3.15,10,76,5.82235,19.1701,13.647
3.15,7,49,6.59239,15.2831,9.64655
3.15,7,186,6.93337,17.1963,12.8835
3.15,9,90,7.10669,21.5667,15.8713
3.15,7,86,5.16302,14.8386,11.0975
3.15,6,50,5.08229,13.384,9.22202
3.15,12,94,12.2239,29.1421,17.8184
3.15,8,64,5.89169,19.0985,13.0588
3.15,7,78,5.61752,15.5923,11.7551
3.15,9,131,6.75769,21.9546,13.5894
3.25,5,28,5.20923,12.8259,9.43273
3.25,10,155,6.16595,22.4062,16.0797
3.25,9,200,7.62601,21.2208,15.8734
3.25,7,83,6.75622,16.4743,10.3655
3.25,6,40,5.82021,12.839,7.96645
3.25,11,170,7.06299,25.2243,17.6463
3.25,7,38,5.83129,16.6367,11.8076
3.25,9,58,5.91678,20.7691,16.7129
3.25,7,74,5.73315,16.3195,13.2451
3.25,9,114,7.47937,19.6969,13.0912
3.25,7,65,5.49094,16.9297,13.4384
3.25,7,71,5.84051,16.3127,12.4478
3.25,10,47,6.38312,25.3997,20.7873
3.25,11,110,6.81752,25.0665,17.6042
3.25,9,168,8.54335,20.0299,15.1773
3.25,7,130,6.76361,17.5087,14.3389
3.25,11,97,8.01194,27.0802,18.5677
3.25,8,98,5.68634,19.3281,14.5954
3.25,9,54,7.40444,22.6246,16.7483
3.25,9,51,5.6933,21.8068,16.5812
3.25,7,99,6.13022,17.5245,12.3751
3.25,8,109,7.05275,19.9959,14.1558
3.25,10,49,6.79326,21.1366,14.3147
3.25,10,87,5.92046,24.6332,19.2163
3.25,8,221,6.23839,18.3844,13.3775
3.25,12,101,5.92415,27.877,19.8698
3.25,6,152,4.96461,13.1193,10.0387
3.25,12,132,9.83015,29.9847,21.3193
3.25,7,94,7.7449,17.4596,12.6532
3.25,7,87,5.86413,15.9959,12.6593
3.35,10,123,6.14786,25.1821,19.6508
3.35,7,63,5.29729,16.1822,10.9974
3.35,9,82,6.99906,21.5788,14.6295
3.35,6,46,5.65059,13.8071,10.8136
3.35,7,107,7.10459,18.5032,11.9834
3.35,6,64,5.73123,13.9057,10.732
3.35,7,34,5.00076,15.7831,10.6514
3.35,6,54,4.31799,14.5745,10.4497
3.35,8,99,5.55496,21.7927,15.8015
3.35,7,73,7.03322,17.7442,12.5512
3.35,9,91,8.69698,24.6762,20.2733
3.35,8,179,5.56856,18.1544,14.4425
3.35,6,169,5.04105,15.3195,12.4559
3.35,8,39,5.99731,18.1645,14.3257
3.35,6,32,5.60935,13.2713,9.95484
3.35,9,132,5.50015,19.5184,16.1347
3.35,10,74,7.58391,24.0476,14.9401
3.35,8,42,8.16727,19.2649,11.7622
3.35,8,68,7.01874,17.697,12.8456
3.35,9,44,6.73174,20.3091,15.268
3.35,11,140,8.88491,28.1991,20.9581
3.35,6,69,5.68778,16.5159,12.7654
3.35,6,56,5.55551,13.9943,10.9807
3.35,7,47,5.35184,16.4676,12.5578
3.35,8,114,5.70392,19.5345,14.6807
3.35,6,63,5.13078,14.1202,9.07201
3.35,6,46,5.31228,13.7521,10.3112
3.35,6,174,6.27472,14.6297,11.7035
3.35,8,74,5.02238,20.7501,16.7947
3.35,7,63,6.32123,16.2635,12.3324
3.45,9,105,5.28982,22.2961,17.0453
3.45,8,99,6.94268,19.5747,15.0689
3.45,7,75,7.12671,16.8946,12.3795
3.45,8,55,6.49112,23.4662,17.7042
3.45,6,112,4.85205,13.9345,9.73495
3.45,7,83,6.32176,20.2267,13.8189
3.45,7,67,6.13507,17.0602,12.3554
3.45,8,126,5.85113,19.5385,14.8016
3.45,8,118,6.7691,21.4226,16.8408
3.45,7,39,5.36768,17.5492,13.1065
3.45,7,77,6.51567,20.2838,15.7783
3.45,7,62,5.87419,18.5703,15.0018
3.45,9,159,7.64538,21.4907,13.6908
3.45,7,135,5.52443,19.6899,16.2265
3.45,8,242,6.4583,16.441,12.6499
3.45,7,46,6.30317,17.1505,11.048
3.45,13,139,9.54267,35.8042,22.683
3.45,7,60,5.38565,18.8556,11.3266
3.45,7,45,5.49454,15.9141,12.9288
3.45,12,179,9.54308,32.332,24.0259
3.45,6,47,5.50234,15.7445,12.5164
3.45,6,73,4.11191,16.7901,13.7756
3.45,7,73,6.38596,20.2536,13.9905
3.45,7,57,6.21821,16.6982,11.3417
3.45,6,172,6.22729,14.4742,9.63296
3.45,9,68,8.36373,23.9427,17.399
3.45,9,144,9.26524,23.0098,15.5568
3.45,10,49,7.12331,26.1503,18.72
3.45,7,127,5.65179,14.3754,12.7568
3.45,10,128,8.87107,21.6342,14.2569
3.55,7,206,5.72729,18.3814,12.2964
3.55,8,59,8.00352,22.677,16.3912
3.55,7,53,7.77416,19.1515,14.6972
3.55,7,68,6.05294,21.1439,13.6536
3.55,5,28,4.7987,13.1136,8.95658
3.55,12,257,15.0457,35.524,21.0046
3.55,6,57,5.33325,16.836,14.09
3.55,9,32,6.27487,21.2654,16.9612
3.55,6,46,4.07736,12.6775,8.63932
3.55,9,94,7.68465,24.8244,15.1289
3.55,7,62,6.42226,17.6233,14.267
3.55,7,58,8.51145,19.9596,14.2319
3.55,12,115,8.90558,31.3447,21.0711
3.55,7,151,5.06253,17.2211,12.5429
3.55,8,101,7.06827,23.1266,15.3054
3.55,9,164,7.46865,22.0358,14.731
3.55,6,27,5.47892,13.1712,9.76675
3.55,7,176,4.63147,16.7004,12.8297
3.55,7,164,5.14013,14.3144,10.6634
3.55,8,55,7.48069,19.6027,13.279
3.55,7,47,5.8423,15.9756,12.8068
3.55,8,124,5.36471,18.1604,15.0256
3.55,11,318,7.3763,27.788,19.8497
3.55,6,24,5.02337,15.3587,10.0982
3.55,6,97,4.47396,15.6674,12.9644
3.55,9,134,7.81522,24.0373,17.2074
3.55,8,55,6.85993,19.6076,15.5086
3.55,7,104,7.88389,18.2602,12.3447
3.55,5,40,5.48676,13.0907,10.3446
3.55,7,75,5.2014,15.6156,11.9332
3.65,8,99,5.2229,19.3478,16.6003
3.65,6,59,5.69105,15.1852,11.4928
3.65,6,100,5.32762,15.9887,12.1572
3.65,9,198,8.04484,26.9028,18.1694
3.65,6,68,5.33121,17.1452,12.5236
3.65,7,44,4.92975,18.2744,14.5369
3.65,7,70,6.46022,18.5842,13.1738
3.65,7,38,5.97731,16.681,11.9276
3.65,8,87,6.88094,21.9354,14.7152
3.65,7,56,6.02796,16.3852,10.9256
3.65,10,167,5.60808,28.4358,24.226
3.65,10,68,8.20418,29.4701,19.3882
3.65,7,212,4.95686,14.8536,9.85894
3.65,7,87,5.7137,17.2632,13.6144
3.65,7,96,4.8859,16.669,11.3094
3.65,5,140,4.6476,13.7502,10.722
3.65,9,115,7.24351,25.9356,16.6366
3.65,8,71,5.58823,18.0359,13.9312
3.65,7,41,4.86125,18.5925,12.9541
3.65,6,82,5.14928,18.2077,14.0525
3.65,8,100,6.35329,22.8175,15.6535
3.65,8,62,5.87159,20.244,15.6992
3.65,6,137,7.02471,17.0616,12.5524
3.65,6,118,5.68393,16.0183,11.5859
3.65,7,142,6.22862,19.2738,15.687
3.65,7,42,6.16298,17.1888,12.9688
3.65,13,68,8.59129,33.5902,21.9046
3.65,7,145,7.53197,20.1199,15.2767
3.65,7,74,6.92337,21.6742,14.7928
3.65,7,52,5.74892,17.1994,13.8845
3.75,9,352,8.68386,26.5051,17.3983
3.75,7,156,6.51893,19.5346,15.9159
3.75,6,62,4.55354,15.0177,11.5099
3.75,7,48,5.45093,18.5046,14.3273
3.75,10,396,8.27743,23.8263,16.2157
3.75,10,178,9.47102,30.6378,19.927
3.75,8,57,7.22233,20.8801,16.7425
3.75,5,116,4.80452,13.835,9.56818
3.75,8,75,6.51191,23.8699,19.4508
3.75,8,142,7.16643,22.3965,17.0777
3.75,7,96,4.86193,16.7285,11.6512
3.75,8,78,6.14947,23.431,19.5857
3.75,5,117,5.29806,14.1063,11.6787
3.75,7,62,5.58393,21.8419,15.9847
3.75,8,105,8.6981,24.6349,18.65
3.75,6,144,4.41416,13.9724,10.6426
3.75,6,92,6.63318,14.4015,10.6381
3.75,8,103,5.7231,20.0937,16.2245
3.75,7,73,5.95704,15.7988,12.6396
3.75,8,81,6.23751,20.746,15.61
3.75,5,97,4.90467,13.7091,10.4631
3.75,7,71,4.99317,15.9471,10.8592
3.75,10,116,10.441,28.9205,21.3543
3.75,8,101,7.0304,20.6839,14.5532
3.75,5,75,4.42599,14.6324,12.9685
3.75,6,62,5.30941,17.6932,12.9055
3.75,7,66,5.93392,19.5243,14.278
3.75,7,191,5.21489,21.2382,15.2102
3.75,7,50,5.16055,18.4499,14.4905
3.75,6,44,4.36288,15.3949,12.1013
3.85,8,92,5.8397,19.1589,12.7805
3.85,8,175,6.34514,23.3846,17.9763
3.85,11,148,7.57762,31.8481,23.0318
3.85,8,122,5.59353,19.9746,12.3792
3.85,9,70,7.97857,26.4636,16.8186
3.85,9,98,8.14316,24.4156,20.0685
3.85,6,61,6.96839,16.1261,11.0053
3.85,7,70,6.81744,18.1693,12.6286
3.85,6,74,7.54641,16.6299,12.5681
3.85,8,39,6.58942,18.5451,13.1234
3.85,7,117,5.80995,22.621,14.4613
3.85,6,86,4.82674,15.7622,11.8871
3.85,7,47,6.12472,21.1158,17.0993
3.85,8,84,5.70292,18.4118,10.8928
3.85,10,169,6.76264,24.7351,14.6613
3.85,9,97,5.21138,24.7541,20.4153
3.85,11,149,9.90835,26.5374,17.8002
3.85,7,86,7.71653,20.0834,14.6451
3.85,7,93,5.43166,16.0235,12.3915
3.85,8,141,5.74506,20.3501,14.2759
3.85,8,62,5.78672,21.7847,15.5335
3.85,7,121,5.95301,19.7742,13.9682
3.85,8,96,5.39905,23.7515,17.7692
3.85,7,127,5.52872,19.4938,15.9736
3.85,9,92,8.08215,25.9086,18.7553
3.85,8,103,7.52422,21.4945,15.476
3.85,9,140,6.3222,23.8639,18.9756
3.85,13,248,8.61835,33.8198,21.2931
3.85,7,42,5.64633,15.5767,10.7817
3.85,6,48,5.87283,17.3414,12.7696
3.95,9,178,8.17035,25.6495,15.553
3.95,7,84,6.50177,17.494,12.4089
3.95,10,77,6.57766,24.8673,17.148
3.95,7,69,6.45584,20.3515,14.8306
3.95,7,84,6.05131,18.3673,13.9647
3.95,7,39,6.69568,20.1616,14.6997
3.95,5,62,4.62713,14.649,11.736
3.95,8,296,7.09413,22.2262,15.6459
3.95,7,77,5.24794,18.2004,14.1204
3.95,6,58,5.29561,16.9709,12.433
3.95,7,178,7.02386,19.6398,15.9014
3.95,12,124,8.26521,33.2654,20.4933
3.95,5,112,5.6762,14.5159,9.48021
3.95,8,48,5.85666,22.581,14.2271
3.95,7,76,7.29646,20.484,13.79
3.95,6,87,5.46815,17.2256,11.76
3.95,10,117,5.81307,25.7676,17.6524
3.95,7,179,4.89168,22.5159,15.2469
3.95,7,63,8.31796,23.0643,15.7533
3.95,7,139,6.68071,20.5583,14.4396
3.95,8,106,6.29675,22.7098,15.0145
3.95,7,105,6.01055,16.0737,10.8176
3.95,6,43,7.00288,16.5823,11.1601
3.95,6,102,5.31288,14.2651,10.5612
3.95,7,96,8.0945,19.8847,12.2565
3.95,8,41,6.08339,18.3384,15.6887
3.95,7,79,5.39701,19.2788,12.4089
3.95,8,84,5.79546,22.1364,15.3619
3.95,5,40,5.06258,12.3487,9.53698
3.95,10,299,8.94682,29.1907,19.76
4.05,12,176,7.81881,32.2177,22.8218
4.05,7,78,7.48774,18.4434,11.3898
4.05,5,60,5.25353,12.8277,10.3662
4.05,10,128,7.01162,30.6575,21.3013
4.05,9,92,6.56797,25.6519,20.1421
4.05,9,88,7.31194,24.3588,19.2662
4.05,7,255,6.61585,19.1832,16.0468
4.05,7,45,5.06466,20.6506,14.1994
4.05,8,73,5.43831,17.9324,14.8875
4.05,6,86,5.10955,17.4868,13.2408
4.05,7,65,5.58875,19.5877,13.6105
4.05,7,236,5.44834,20.4082,16.0137
4.05,9,65,7.30501,23.0794,17.4679
4.05,9,133,8.51242,24.9014,19.3126
4.05,10,231,8.89545,26.9745,17.0123
4.05,6,79,4.77688,15.1813,11.3311
4.05,8,41,6.42334,21.6559,14.9112
4.05,12,98,8.28668,35.4727,23.7355
4.05,6,41,5.36493,15.1487,11.1084
4.05,9,121,6.45311,24.5897,17.2142
4.05,8,113,9.14463,23.3755,15.559
4.05,10,316,7.66373,29.3331,21.8595
4.05,9,383,8.25794,27.1306,18.0074
4.05,6,54,5.20611,18.1878,12.3022
4.05,7,60,6.62248,22.2108,16.7536
4.05,7,119,5.81544,20.4927,16.3093
4.05,8,156,8.29017,23.388,14.6068
4.05,7,73,6.17777,18.5096,14.5702
4.05,5,67,4.31619,13.275,11.7507
4.05,5,169,4.46524,15.4249,9.72961
4.15,7,64,6.61333,21.1539,17.1953
4.15,9,111,7.71743,24.3392,15.8625
4.15,7,43,6.03819,18.612,13.3674
4.15,8,354,7.59887,25.8805,17.2575
4.15,7,105,5.2016,17.2354,15.2858
4.15,7,127,5.49257,19.8768,13.1485
4.15,6,156,4.60033,19.1503,15.0448
4.15,6,112,4.87126,17.0481,11.8252
4.15,7,44,5.8606,20.9213,14.307
4.15,6,209,5.91685,19.5651,14.7767
4.15,7,123,8.43017,21.1434,14.3602
4.15,6,103,4.09416,16.9056,11.9621
4.15,8,92,6.94213,23.9158,18.3846
4.15,6,31,4.72819,15.6281,10.9287
4.15,9,121,7.39178,26.0253,16.9158
4.15,9,68,8.03819,28.4107,17.4775
4.15,6,193,4.16372,14.4626,11.4469
4.15,9,133,9.03658,27.6339,19.3707
4.15,6,129,6.1013,19.3607,15.4239
4.15,4,93,4.07143,12.0873,8.82307
4.15,10,140,8.07314,31.0036,20.4
4.15,12,234,12.0732,36.0271,23.8875
4.15,6,103,4.94058,15.1812,11.9041
4.15,7,46,5.64573,20.7595,16.4126
4.15,6,81,5.12681,15.8895,12.5724
4.15,7,64,6.1529,22.7737,18.1898
4.15,10,166,7.86482,29.7698,18.3492
4.15,7,117,5.2783,20.9458,14.9241
4.15,6,351,5.79246,18.5399,13.1812
4.15,9,103,6.15404,24.0856,16.2072
4.25,6,96,6.2484,19.6262,13.1315
4.25,9,297,4.81471,21.1152,16.3285
4.25,7,78,5.55972,21.7407,14.6652
4.25,8,111,7.52844,25.986,19.5935
4.25,8,97,6.16734,25.5439,18.5174
4.25,10,121,7.02121,28.5229,18.9501
4.25,9,65,9.20982,27.1686,17.6282
4.25,6,73,6.19252,16.879,12.0339
4.25,7,152,5.149,19.4689,13.2764
4.25,5,54,3.67523,15.7502,12.074
4.25,5,26,4.09712,13.7572,10.0299
4.25,8,170,9.00067,24.9252,18.2622
4.25,5,89,6.0714,16.0781,12.988
4.25,7,45,6.30778,20.3822,15.6856
4.25,10,205,8.08485,30.6886,18.6409
4.25,5,72,5.18237,14.4834,9.4112
4.25,6,101,5.05385,18.6194,14.1166
4.25,6,58,6.44506,18.3931,13.5298
4.25,6,35,5.33999,16.6973,13.8454
4.25,9,51,6.78838,23.8458,18.5349
4.25,5,44,4.57921,15.8964,9.16388
4.25,9,122,5.13786,20.8053,14.79
4.25,10,87,6.80354,27.2665,18.0961
4.25,6,131,5.11451,14.7225,12.3663
4.25,8,206,7.71736,22.6917,14.5116
4.25,6,124,5.58049,16.0842,10.004
4.25,8,150,6.4224,21.4239,17.2457
4.25,8,107,6.2024,23.9546,20.0238
4.25,6,47,3.23757,15.6039,10.6613
4.25,7,143,6.62743,19.4652,12.493
4.35,5,33,5.44687,13.6055,10.8696
4.35,7,67,6.27997,23.0719,17.5829
4.35,6,108,4.54817,12.4796,9.95268
4.35,7,140,6.48617,22.3971,16.2829
4.35,6,125,5.283,18.7448,14.0456
4.35,9,106,8.13981,27.6257,19.9224
4.35,8,87,5.03798,22.2135,15.6077
4.35,5,36,4.73774,15.3474,10.7143
4.35,8,104,4.35512,20.0927,16.1796
4.35,7,208,6.57733,21.8942,14.9942
4.35,5,34,5.3697,16.8375,12.814
4.35,8,115,5.86807,24.9207,16.9966
4.35,8,219,5.98096,24.8785,19.399
4.35,11,117,8.72634,31.07,20.4274
4.35,8,175,5.01974,18.2802,14.4375
4.35,7,112,4.91297,21.6923,16.4325
4.35,6,28,5.14549,17.3599,12.6846
4.35,7,137,4.32114,20.2894,18.577
4.35,10,190,9.27888,30.1095,23.5066
4.35,6,47,5.64498,18.6144,14.2255
4.35,7,116,6.32542,20.5901,15.1527
4.35,6,103,4.69477,14.9047,12.2988
4.35,5,37,5.84831,17.1406,14.7957
4.35,9,491,10.7338,25.1952,18.5374
4.35,6,77,4.21981,16.0761,12.6776
4.35,7,81,6.08692,21.7176,17.2972
4.35,5,31,4.79817,15.0298,11.1145
4.35,8,110,3.60051,19.5414,12.9267
4.35,7,105,6.2079,21.7372,13.878
4.35,7,134,5.81141,22.5657,14.6383
4.45,9,129,6.74568,28.6786,19.5926
4.45,6,85,6.03577,17.5213,13.3359
4.45,6,36,5.85712,17.392,13.3287
4.45,9,59,6.15278,26.6822,18.0713
4.45,6,164,6.50824,15.7428,11.5448
4.45,8,141,6.62237,25.2513,18.3824
4.45,8,162,6.91812,23.8716,15.9724
4.45,6,31,5.15936,15.5424,11.0145
4.45,4,114,4.67354,12.6475,8.60793
4.45,5,160,5.39194,17.1325,12.2436
4.45,6,297,5.41047,16.5896,12.9616
4.45,6,32,5.49427,16.7953,12.6746
4.45,6,101,5.83977,15.8162,11.9457
4.45,6,85,6.14248,20.294,15.8112
4.45,11,197,8.31034,29.898,20.7201
4.45,6,160,4.64688,15.4752,10.8699
4.45,5,164,3.97189,14.1246,11.7862
4.45,9,96,7.04866,27.3773,18.7756
4.45,5,48,5.22914,14.2807,10.8746
4.45,10,167,10.9243,32.0632,21.6052
4.45,9,59,7.16868,24.4266,18.5415
4.45,7,49,6.39982,24.226,14.591
4.45,5,88,4.38242,16.2454,11.8859
4.45,7,39,4.34189,19.784,13.4102
4.45,12,130,11.0553,34.7316,23.9377
4.45,7,81,6.21074,22.3801,16.2267
4.45,6,56,4.9456,17.2784,12.2741
4.45,8,108,4.72708,22.3959,13.4029
4.45,7,90,6.11269,21.4282,16.8501
4.45,5,188,4.83094,15.4125,11.4424
4.55,7,62,3.06673,14.6643,10.8352
4.55,7,128,5.61338,21.9273,13.2921
4.55,7,70,6.09545,19.8781,14.9893
4.55,6,65,5.1093,18.164,15.7887
4.55,5,180,4.83522,16.7201,14.5808
4.55,7,44,5.20284,21.7327,17.2168
4.55,6,77,4.16879,18.3674,13.1617
4.55,6,386,4.91944,19.2131,14.4854
4.55,9,188,9.65613,29.6483,23.5396
4.55,7,104,5.8689,25.1133,18.5898
4.55,10,81,8.67157,29.7101,20.6977
4.55,5,62,5.49806,17.3256,12.098
4.55,12,208,7.3568,41.0026,22.1871
4.55,10,226,8.68408,29.3702,18.438
4.55,5,140,4.83593,15.4402,10.3219
4.55,8,95,5.96568,22.676,14.0879
4.55,9,237,8.54718,28.59,17.4503
4.55,8,40,5.6021,22.5073,13.4364
4.55,6,61,4.99397,18.2958,15.0377
4.55,7,103,5.45895,19.9162,15.3934
4.55,5,118,4.53154,13.532,9.57004
4.55,7,171,5.68917,22.7185,16.4222
4.55,7,149,6.94755,22.3742,17.5139
4.55,5,126,4.36137,13.6961,10.0912
4.55,7,154,5.8152,21.218,15.1047
4.55,10,126,7.43523,31.2162,20.072
4.55,7,94,6.55357,19.0697,13.8748
4.55,5,105,4.85428,16.9384,12.9511
4.55,10,155,9.40931,27.6734,18.3055
4.55,6,30,4.92747,15.5043,12.9782
4.65,6,94,5.20155,16.0134,12.3946
4.65,8,173,5.98637,21.9567,14.6159
4.65,6,263,4.21866,18.7712,12.4236
4.65,9,209,7.35705,28.5957,15.7159
4.65,7,85,7.96111,20.1942,14.8697
4.65,7,82,6.2995,23.1257,15.2347
4.65,8,255,6.28742,27.3653,19.8677
4.65,6,65,5.55514,15.3016,11.5792
4.65,10,163,8.37019,28.3203,19.712
4.65,5,101,3.91252,11.9887,9.62309
4.65,6,142,6.13462,18.4871,16.2946
4.65,6,75,4.00447,13.6569,9.25702
4.65,5,75,4.88066,15.5548,13.5334
4.65,6,52,5.80775,21.0129,17.5668
4.65,5,74,3.51669,16.7793,11.5081
4.65,8,98,5.40899,20.6552,14.633
4.65,7,185,6.92397,21.179,15.7065
4.65,7,120,6.08315,20.8005,13.852
4.65,6,66,4.98784,16.9475,13.2099
4.65,8,110,7.68749,26.0826,18.4451
4.65,8,326,6.65881,24.9633,19.596
4.65,7,110,5.93308,21.7431,14.5853
4.65,8,86,6.10597,28.5723,22.8185
4.65,5,93,4.19345,15.2855,10.2207
4.65,6,79,4.11647,15.7924,11.8549
4.65,8,106,8.45993,27.9988,22.2719
4.65,8,210,7.73389,27.0203,20.1674
4.65,9,88,7.15055,27.3383,17.9944
4.65,6,232,5.08175,15.2399,10.9609
4.65,8,194,7.40636,25.8127,19.4649
4.75,6,80,5.21095,17.6976,12.4109
4.75,7,101,6.99343,20.6017,12.6802
4.75,7,380,7.1233,24.1349,16.5344
4.75,11,92,8.63748,32.9012,22.8787
4.75,8,125,5.12978,24.0261,15.4666
4.75,5,115,5.40355,17.8727,13.014
4.75,8,63,6.79298,22.5252,17.8969
4.75,5,89,4.59555,17.7521,14.4
4.75,6,148,5.5592,20.3006,15.9364
4.75,4,66,4.43537,13.8444,11.0267
4.75,7,115,5.35327,23.4003,15.806
4.75,5,46,4.30431,13.6787,11.5095
4.75,6,139,5.97693,17.8833,13.5148
4.75,4,59,4.37911,14.0267,11.9876
4.75,7,111,6.78696,24.1975,17.5307
4.75,6,171,5.80034,17.5238,14.2699
4.75,7,379,8.51819,21.7939,16.9608
4.75,6,70,5.08969,19.3466,14.0836
4.75,6,494,4.54491,17.2896,11.2699
4.75,7,266,6.0558,18.942,14.9671
4.75,6,59,6.93057,21.8807,13.7966
4.75,7,121,6.2235,24.1893,19.8821
4.75,9,197,5.84695,26.403,19.3783
4.75,7,129,5.55386,21.2466,16.0848
4.75,7,103,8.2052,22.0801,15.428
4.75,5,108,5.10626,17.7955,13.0066
4.75,7,69,6.676,21.2551,12.8974
4.75,5,67,5.36065,17.2896,13.3446
4.75,10,252,8.23245,28.9164,19.1933
4.75,6,181,4.98412,20.6807,12.4936
4.85,6,83,6.16962,19.3247,14.1563
4.85,5,46,5.40757,15.273,10.4842
4.85,6,64,6.16959,17.8027,12.012
4.85,7,131,7.51719,26.6591,20.8245
4.85,7,115,5.65064,25.3984,20.0353
4.85,6,222,5.56099,18.3221,13.1906
4.85,5,50,4.169,12.7835,10.9053
4.85,6,195,5.27577,17.8876,11.3909
4.85,8,354,6.75161,24.67,17.7301
4.85,6,54,5.22018,20.7249,17.001
4.85,7,125,7.29198,21.3411,16.3214
4.85,7,224,6.66796,22.354,14.9356
4.85,10,172,8.81651,33.0061,23.2188
4.85,5,54,6.23489,18.1327,12.3723
4.85,7,105,4.83244,19.5258,13.0499
4.85,7,129,6.22559,25.4519,19.1089
4.85,7,95,6.90769,22.1594,17.182
4.85,6,255,4.92356,21.4981,18.4481
4.85,4,27,4.03051,12.388,9.12441
4.85,8,84,7.07742,24.0139,18.0127
4.85,9,195,9.10323,29.5122,21.1751
4.85,9,118,6.57732,32.5829,21.7952
4.85,7,135,6.61474,24.3996,17.7229
4.85,5,90,5.42853,16.2379,13.3343
4.85,12,188,9.21831,40.2497,26.4379
4.85,8,176,7.66076,23.846,18.3099
4.85,6,194,6.11266,22.8633,15.8465
4.85,5,265,4.81283,15.8815,11.7454
4.85,5,115,4.5836,17.7907,14.7649
4.85,6,97,4.75072,19.7076,12.6256
4.95,6,273,3.93984,17.8495,12.1865
4.95,6,67,5.64281,19.0032,12.8387
4.95,6,104,4.4045,18.8374,14.0569
4.95,5,43,3.47875,15.9965,13.326
4.95,7,151,7.07932,22.9033,17.287
4.95,7,247,7.4968,26.1351,19.2497
4.95,9,84,6.83683,27.4849,19.3891
4.95,9,165,9.22589,31.2297,19.1766
4.95,7,116,5.93053,23.5726,18.085
4.95,7,171,7.00009,20.8192,13.7004
4.95,9,72,5.34547,23.9907,18.021
4.95,8,273,7.4357,29.4181,25.2015
4.95,8,136,6.53956,27.0639,18.4382
4.95,7,73,5.1435,18.7383,15.4791
4.95,9,345,7.66486,26.2083,17.3231
4.95,8,297,6.27948,26.6216,16.9556
4.95,7,151,6.6282,25.4907,14.6149
4.95,5,72,4.10943,14.8312,12.6806
4.95,6,186,6.02884,19.9892,15.8839
4.95,5,60,4.34052,15.8242,12.7793
4.95,5,104,5.1398,16.5193,11.204
4.95,6,34,4.67675,18.6838,13.446
4.95,6,93,6.09377,17.3386,13.1119
4.95,5,189,3.56483,15.869,10.4398
4.95,8,479,6.77246,27.5228,20.6804
4.95,12,232,9.9318,42.6142,29.7255
4.95,5,171,4.95644,14.5565,10.1684
4.95,8,406,6.27663,23.6479,16.285
4.95,9,90,6.4632,30.9755,18.5066
4.95,7,46,4.21619,21.0789,18.4136
5.05,7,185,4.95869,17.4121,13.0744
5.05,5,254,4.34657,16.3206,11.7435
5.05,5,48,5.43881,15.2029,10.1263
5.05,8,123,9.15893,28.7747,19.8646
5.05,8,175,7.66762,21.3167,15.7368
5.05,5,58,4.7099,14.8805,10.2221
5.05,8,221,6.0756,23.3848,13.9029
5.05,6,233,5.87899,23.1885,19.0596
5.05,7,83,6.11468,22.4969,13.1689
5.05,5,41,4.14931,15.9401,11.5698
5.05,7,101,5.25695,20.6768,14.1953
5.05,5,96,5.34621,18.8705,15.6152
5.05,9,120,7.97722,31.488,21.5566
5.05,6,108,5.088,14.4965,9.7144
5.05,5,39,4.76749,18.5691,13.6626
5.05,6,157,6.28224,22.2082,15.0353
5.05,8,105,5.48178,22.4418,13.847
5.05,8,216,6.95071,26.0047,16.9138
5.05,6,68,5.02537,22.0949,20.4252
5.05,7,176,6.03208,24.8096,15.0294
5.05,8,153,6.79693,26.2544,19.0027
5.05,5,77,3.96021,16.0794,14.3334
5.05,6,82,5.39369,20.8367,16.6117
5.05,5,55,3.87752,18.2956,13.6253
5.05,5,37,4.23542,15.0175,11.6686
5.05,6,45,4.40061,15.9641,10.6385
5.05,7,173,6.19644,20.7609,15.0816
5.05,5,32,4.49686,14.5741,10.8738
5.05,8,76,5.83569,27.8059,22.5841
5.05,8,96,6.55063,24.4762,15.8855
5.15,8,68,5.51826,25.5816,18.3409
5.15,5,43,4.42741,15.9698,10.9803
5.15,8,108,7.89147,26.6903,21.1622
5.15,6,84,5.57293,21.6439,12.8989
5.15,5,88,3.92534,18.6447,13.0923
5.15,4,74,4.65342,13.8571,10.5568
5.15,8,194,6.6925,25.4603,20.3564
5.15,7,130,6.15121,25.8325,19.7205
5.15,7,165,9.27865,24.9681,17.4386
5.15,8,61,6.88417,24.3837,17.5065
5.15,6,111,7.18535,22.9449,17.6801
5.15,4,57,4.09948,15.2364,12.9077
5.15,5,127,5.14711,11.8079,7.90488
5.15,5,126,5.17819,14.6834,10.7375
5.15,6,107,5.76709,19.6589,14.1869
5.15,5,57,4.91029,17.2719,14.4096
5.15,7,523,6.43544,16.8907,12.8639
5.15,8,72,5.60008,22.0397,16.0476
5.15,7,162,5.88758,20.3958,15.2768
5.15,6,85,5.70905,20.7366,15.0012
5.15,4,111,4.76241,12.7558,9.16942
5.15,9,126,6.56743,28.6547,20.9505
5.15,8,97,7.65701,28.6738,18.842
5.15,6,124,4.90417,17.0029,12.0196
5.15,6,210,3.43725,17.0925,12.9571
5.15,6,63,4.96915,22.2921,18.0345
5.15,6,58,6.36378,20.826,17.8903
5.15,5,187,5.41048,16.9957,14.285
5.15,5,119,4.00264,18.3012,14.6746
5.15,9,482,8.73918,27.267,18.6153
5.25,7,57,4.84798,19.9883,14.2029
5.25,5,92,3.55632,18.0669,13.6909
5.25,7,83,4.68484,22.2511,16.1169
5.25,7,241,6.20069,26.5638,19.4949
5.25,5,230,4.60356,17.5243,13.164
5.25,5,163,5.59646,16.6205,12.0667
5.25,6,48,5.15731,18.1464,13.036
5.25,5,46,4.50638,16.1961,13.8094
5.25,7,94,6.30933,25.2936,17.666
5.25,7,224,6.92737,17.9296,11.5147
5.25,5,200,5.37793,13.2665,10.0607
5.25,6,93,5.87274,17.4309,13.1636
5.25,7,66,5.4578,20.4919,14.3632
5.25,8,213,7.16416,26.3472,20.3737
5.25,6,63,5.26353,16.0401,12.5136
5.25,4,68,4.65144,14.7254,10.8859
5.25,6,88,6.23453,19.1943,15.9311
5.25,6,102,4.50952,20.7098,14.9861
5.25,7,150,6.44256,22.856,17.73
5.25,6,74,4.03171,17.7136,13.1154
5.25,7,317,4.65168,23.3284,15.9694
5.25,7,341,7.81133,22.0039,14.3969
5.25,6,55,5.50694,24.4707,17.6574
5.25,6,64,5.06578,20.8032,13.4578
5.25,5,106,5.59188,15.3748,11.3019
5.25,5,66,4.64458,20.2251,13.3127
5.25,4,61,4.41751,14.5389,11.256
5.25,5,31,4.34114,13.7275,10.1233
5.25,7,76,7.09119,23.5245,17.0092
5.25,6,107,8.85524,22.1024,17.7552
5.35,6,375,4.92377,19.7169,17.1057
5.35,5,118,5.14685,16.2215,13.0969
5.35,5,76,5.05971,17.7688,13.8007
5.35,6,50,5.68549,19.9207,15.3544
5.35,6,360,5.62441,19.9521,13.0399
5.35,6,123,7.53907,23.0678,15.9425
5.35,6,153,5.20107,17.3618,13.1824
5.35,4,161,4.31801,15.0797,12.6337
5.35,4,27,4.42954,15.3021,12.1686
5.35,6,170,5.03507,19.1443,14.0891
5.35,9,250,8.70198,30.7494,19.507
5.35,5,221,4.28884,15.5583,11.4458
5.35,7,40,5.80599,24.7618,18.8062
5.35,5,145,5.44454,18.7938,16.0576
5.35,6,234,3.91473,17.8469,13.3077
5.35,5,71,4.74316,15.5434,10.2127
5.35,6,95,5.51186,22.3903,18.8286
5.35,8,319,6.63638,23.6272,16.2265
5.35,7,230,5.15383,25.9544,17.9573
5.35,8,125,8.32567,25.7547,17.2752
5.35,5,58,5.0497,16.0852,12.9644
5.35,7,98,5.46244,20.5404,13.6327
5.35,9,150,7.97635,27.5561,17.6534
5.35,6,119,7.83652,19.5319,14.204
5.35,5,81,5.02893,14.0079,11.3558
5.35,7,295,5.82538,22.7199,16.8494
5.35,7,119,7.81895,26.7913,18.2871
5.35,5,74,4.9906,17.9134,12.5614
5.35,7,168,6.12567,23.6535,16.0699
5.35,6,135,5.29675,17.6613,11.8879
5.45,5,173,5.22927,16.2413,11.6729
5.45,8,217,5.88856,27.2296,21.3253
5.45,5,217,5.20166,14.3328,10.8872
5.45,5,118,5.06077,15.8775,9.83995
5.45,5,155,4.82324,13.6859,11.3758
5.45,7,101,6.57633,25.9401,20.5449
5.45,6,38,5.87451,21.5365,14.9401
5.45,4,57,4.34822,11.8997,9.57588
5.45,7,121,4.95226,21.1457,15.6476
5.45,8,153,6.26824,28.2125,19.8349
5.45,6,88,4.7282,18.1366,13.5949
5.45,6,354,6.63913,19.1483,14.4744
5.45,7,102,5.47447,24.6414,16.1899
5.45,5,153,5.21651,14.0212,9.24658
5.45,7,209,7.37723,29.3796,21.7812
5.45,7,116,4.99567,19.5434,12.286
5.45,7,97,6.21031,22.023,16.0433
5.45,6,111,5.40908,24.119,16.9397
5.45,8,142,7.93893,23.2204,18.3224
5.45,9,198,8.14387,30.7763,22.6446
5.45,5,56,5.59758,15.9645,12.8447
5.45,9,73,5.83582,30.644,23.8552
5.45,6,74,6.41563,20.4138,11.9689
5.45,8,325,8.47211,28.7575,20.8048
5.45,6,54,5.42533,21.0734,13.6168
5.45,9,177,8.25741,35.7902,22.7706
5.45,7,150,6.16351,25.1744,16.8139
5.45,5,153,5.0568,20.2634,15.778
5.45,6,134,5.50123,23.8726,15.8365
5.45,6,146,5.71384,17.0026,13.7724
5.55,7,176,7.12752,26.265,17.0219
5.55,8,65,7.21051,28.7103,21.0483
5.55,8,134,8.50482,25.992,19.0406
5.55,5,111,4.91817,15.859,14.1659
5.55,8,244,7.94273,23.5191,16.2769
5.55,7,192,5.76701,21.2553,14.4776
5.55,5,170,4.79025,16.5156,13.4689
5.55,5,73,6.43191,21.345,15.1841
5.55,8,144,7.23501,29.672,23.2477
5.55,7,88,6.43145,23.6075,16.9647
5.55,9,154,8.39771,30.2987,20.8134
5.55,5,128,5.83022,18.4957,11.6258
5.55,11,185,9.72153,37.1176,24.9357
5.55,4,89,4.66989,14.5191,10.6226
5.55,7,163,6.12088,23.1508,16.149
5.55,7,130,6.85245,23.2149,15.0929
5.55,7,166,6.13274,23.2478,15.5231
5.55,8,76,7.50888,26.0465,18.3854
5.55,7,154,5.59972,20.4819,14.8963
5.55,6,62,5.60702,15.5142,11.5352
5.55,5,71,4.62365,19.2999,15.472
5.55,5,129,5.30739,18.6991,12.8172
5.55,7,147,6.52582,23.9444,18.6542
5.55,9,166,10.5065,35.1356,23.2563
5.55,7,99,7.2731,22.9482,18.4092
5.55,8,115,6.07289,29.3197,22.3865
5.55,6,190,5.99658,20.3098,16.0101
5.55,5,282,6.07481,16.9896,13.0943
5.55,7,90,5.16574,21.5405,15.2004
5.55,5,139,4.87733,16.0028,12.6311
5.65,5,37,3.09282,16.2356,11.4956
5.65,7,74,7.98713,32.2292,20.7323
5.65,6,327,4.1043,20.5724,14.3355
5.65,7,135,7.25607,25.0817,16.9157
5.65,8,64,6.5847,28.2982,18.9912
5.65,7,85,6.15229,23.6478,15.6471
5.65,6,113,4.12516,18.9867,14.3725
5.65,8,175,7.8314,27.5879,20.022
5.65,7,110,6.42121,26.9559,20.2111
5.65,8,96,6.23112,25.3899,17.7039
5.65,9,134,7.37696,33.2555,25.9925
5.65,4,41,4.20968,16.4055,10.9646
5.65,5,64,4.29728,21.3262,16.2601
5.65,6,49,6.62832,22.5826,13.6862
5.65,6,172,4.82172,21.3658,15.5668
5.65,7,107,5.60623,27.0525,20.0224
5.65,7,160,5.88288,23.0685,15.943
5.65,9,359,8.48858,30.807,21.8795
5.65,7,61,5.51157,23.6657,18.2636
5.65,7,69,5.69625,25.3361,16.707
5.65,5,42,4.69921,18.7943,15.4306
5.65,7,128,6.59102,26.1821,19.7286
5.65,7,283,6.74609,24.4392,18.2342
5.65,4,74,4.27531,16.1393,13.2069
5.65,5,150,5.50852,18.2846,15.2998
5.65,6,42,4.04061,19.8895,13.8374
5.65,7,105,5.8478,20.0293,12.901
5.65,7,250,6.72867,21.6438,14.338
5.65,6,59,5.35534,18.7044,14.8107
5.65,4,45,3.47501,13.259,10.3386
5.75,8,339,5.90331,21.5641,16.3066
5.75,6,38,6.02505,19.4905,12.4684
5.75,7,68,5.14425,20.3151,15.9564
5.75,5,231,4.80225,20.7798,14.9064
5.75,5,122,4.62155,19.432,15.8055
5.75,6,201,6.66838,20.5464,15.6584
5.75,4,46,4.97966,16.1065,12.8839
5.75,7,148,5.76459,24.9924,20.4166
5.75,5,111,5.66972,19.7835,14.3094
5.75,6,101,7.53791,19.34,15.3759
5.75,6,390,5.71614,22.7992,17.1366
5.75,7,107,5.28003,21.591,14.4024
5.75,5,33,3.84056,15.0638,11.4755
5.75,8,182,6.1836,25.7229,16.349
5.75,5,39,4.3474,17.3058,12.7358
5.75,5,46,5.09005,17.3208,12.9047
5.75,8,199,6.83443,29.5983,20.8768
5.75,5,70,5.14142,15.7635,9.83495
5.75,6,70,5.31417,21.7802,13.4337
5.75,7,34,4.30702,20.7285,13.7249
5.75,7,54,7.24363,28.0343,20.7962
5.75,6,247,5.97256,18.089,13.4822
5.75,6,142,5.17374,16.6796,12.0047
5.75,5,52,4.6818,17.1712,13.0194
5.75,11,267,8.49453,40.1761,26.3365
5.75,6,118,4.18467,21.6817,13.3254
5.75,6,105,3.90101,21.8422,18.0623
5.75,7,96,6.74211,28.1928,19.4803
5.75,6,137,5.39647,22.4854,16.789
5.75,4,37,4.27963,12.5741,9.80386
5.85,6,197,7.19675,20.8708,15.2487
5.85,6,194,5.85626,25.8581,16.9857
5.85,5,140,5.02875,19.4471,14.5337
5.85,5,169,5.81332,20.494,12.1879
5.85,6,161,5.26385,21.9615,17.3162
5.85,5,184,5.286,18.4148,11.977
5.85,6,96,4.73192,27.0852,17.7943
5.85,7,86,6.80482,24.6418,16.1393
5.85,6,39,5.89575,21.2365,14.0911
5.85,6,73,5.86962,20.0594,15.4046
5.85,4,135,3.26551,14.7284,11.4666
5.85,7,253,4.98542,26.392,19.9225
5.85,7,200,5.8083,22.7546,18.0327
5.85,9,127,5.92386,36.0173,27.5698
5.85,5,146,3.68552,17.263,14.3191
5.85,6,75,4.73327,18.1379,13.4182
5.85,5,65,4.93701,15.3627,10.8649
5.85,5,98,5.21985,18.4692,12.8831
5.85,7,119,5.4541,27.1749,17.8151
5.85,9,179,7.05847,30.6207,19.6747
5.85,7,164,5.70306,26.8766,22.423
5.85,6,76,6.37654,22.3486,18.0851
5.85,5,183,5.05923,19.2121,13.5479
5.85,8,359,6.69489,28.3994,16.7996
5.85,5,55,4.83177,18.617,11.7798
5.85,6,193,3.42726,18.7099,13.9134
5.85,5,158,4.78228,16.6411,13.7525
5.85,12,385,10.5666,38.4841,24.043
5.85,6,93,5.20884,21.0786,12.9578
5.85,6,228,6.61222,18.8146,14.4929
5.95,6,103,4.72104,20.0888,13.1622
5.95,6,110,6.30585,26.2927,19.8475
5.95,6,141,4.42633,19.0838,11.6681
5.95,6,47,5.87877,18.8191,13.7708
5.95,5,157,4.32671,14.6423,11.7938
5.95,5,45,5.63221,19.5684,14.7578
5.95,5,320,4.55841,19.0064,15.0234
5.95,6,181,5.9724,26.4537,18.169
5.95,7,125,6.12578,23.8298,18.5983
5.95,4,60,4.65493,13.5331,9.9734
5.95,7,242,6.80198,29.7884,22.3172
5.95,7,309,5.94956,22.9268,16.7049
5.95,5,110,5.37249,15.9914,13.4767
5.95,5,47,4.5972,16.6037,12.623
5.95,5,66,4.60269,18.1431,13.6352
5.95,4,82,4.32619,14.8964,11.0399
5.95,5,156,3.07582,16.3509,13.0433
5.95,5,72,2.87373,15.2268,12.4262
5.95,4,105,4.65615,16.6851,12.5958
5.95,5,71,4.27843,17.9192,12.0828
5.95,5,143,5.28108,16.8841,14.1522
5.95,6,231,5.83005,20.1552,13.3189
5.95,5,160,4.5392,16.6148,12.3229
5.95,7,193,7.14789,22.7928,17.2534
5.95,7,81,6.80038,23.4601,15.6253
5.95,7,276,8.15617,24.4801,13.7496
5.95,5,54,3.4214,18.168,16.1209
5.95,7,150,7.21625,30.6415,21.2866
5.95,6,144,4.36466,25.6688,20.2161
5.95,5,136,4.19173,19.1101,14.2303
6.05,6,412,4.89872,20.4936,12.8888
6.05,6,149,6.15098,19.4783,11.5936
6.05,5,196,4.95507,15.3409,12.5345
6.05,5,220,4.83762,19.211,14.2772
6.05,5,254,5.08853,17.1295,10.5875
6.05,5,125,3.46275,14.0455,10.8973
6.05,7,188,4.91341,23.6495,17.7368
6.05,6,113,4.60733,25.7537,17.3864
6.05,8,145,7.07487,31.5714,22.014
6.05,6,91,5.1118,22.3606,16.1133
6.05,6,59,5.78313,21.2771,15.1257
6.05,7,110,10.1479,25.5435,19.6702
6.05,5,119,4.08108,14.121,9.39241
6.05,7,142,5.53396,29.381,19.0848
6.05,10,514,10.0182,36.5729,24.8575
6.05,5,199,5.54268,18.8188,13.374
6.05,6,227,6.62099,24.1345,18.9097
6.05,6,264,5.43502,15.8998,10.1844
6.05,9,508,6.78712,31.5923,20.6026
6.05,7,97,5.57368,27.6059,19.7495
6.05,8,195,6.63245,29.6863,20.6314
6.05,5,58,4.74239,18.2362,13.8834
6.05,6,113,4.55803,19.3634,14.1193
6.05,6,77,5.67538,25.2435,16.0437
6.05,4,85,4.8924,12.6427,9.98924
6.05,6,81,6.73648,19.7832,13.6476
6.05,5,51,5.0797,20.7843,15.2872
6.05,6,123,6.17872,23.0485,16.498
6.05,7,177,5.8358,25.5337,18.6919
6.05,5,29,3.9143,16.8251,12.9327
6.15,6,122,4.96489,23.9501,16.9394
6.15,5,133,5.07375,18.2207,14.2084
6.15,5,244,5.76269,17.3406,12.7768
6.15,5,104,5.7958,19.979,13.6841
6.15,5,146,5.22091,15.2385,12.5147
6.15,4,138,3.5461,12.5431,8.90267
6.15,5,317,5.07205,18.1449,13.0053
6.15,9,324,6.3045,37.9039,28.526
6.15,5,44,5.55077,18.3307,16.1795
6.15,7,107,5.71284,25.9666,17.3061
6.15,7,97,5.65417,26.7449,19.6281
6.15,5,55,5.41286,22.1971,16.8866
6.15,5,123,5.51831,16.8894,13.4788
6.15,5,102,4.74394,12.9198,10.8335
6.15,4,57,4.8327,15.4819,12.2785
6.15,5,138,5.38188,16.0479,10.5673
6.15,8,121,7.46518,27.1045,18.0225
6.15,7,142,6.46665,24.7813,16.1845
6.15,5,81,4.1908,18.0024,12.8389
6.15,6,84,4.69297,19.2555,16.0324
6.15,5,153,4.89792,21.587,15.8496
6.15,6,44,5.18623,22.1941,14.8939
6.15,7,323,6.56787,25.8851,15.8115
6.15,5,108,4.13133,15.931,10.808
6.15,6,249,5.16354,22.721,17.8025
6.15,8,158,8.17123,28.8141,21.7431
6.15,7,346,5.38468,22.5392,17.7447
6.15,6,131,6.61563,17.7835,13.2276
6.15,6,242,5.95267,18.6282,13.8852
6.15,7,225,6.55164,27.16,18.2796
6.25,6,244,5.52594,20.0002,14.6872
6.25,6,359,6.72237,20.3967,13.5318
6.25,6,324,6.0158,16.9008,11.6999
6.25,6,67,5.65591,21.3387,15.5236
6.25,6,220,6.13229,22.469,15.0606
6.25,6,99,5.09769,17.9595,13.7886
6.25,6,91,5.3285,21.7705,15.8912
6.25,9,403,9.45492,29.6425,18.4539
6.25,6,203,4.51422,18.6044,12.594
6.25,8,231,7.56272,22.9796,16.7258
6.25,4,62,3.00743,14.171,10.6952
6.25,5,128,4.96611,18.9913,11.9506
6.25,6,49,3.82727,20.3885,15.9642
6.25,7,223,6.3389,22.4488,14.854
6.25,5,132,4.80245,18.4662,12.95
6.25,5,89,4.72031,18.3874,13.5488
6.25,8,195,7.20859,27.6528,20.2628
6.25,5,139,4.64882,22.0932,14.4043
6.25,5,148,4.97423,19.6066,13.0445
6.25,9,115,7.98314,32.1424,23.4698
6.25,6,47,4.3631,20.0374,15.8966
6.25,5,84,3.82834,20.3133,14.0036
6.25,10,112,9.28501,36.1371,24.5647
6.25,6,68,4.94399,22.1953,14.4922
6.25,7,394,7.64605,19.5117,12.7086
6.25,4,122,3.63271,16.2172,11.3627
6.25,6,158,3.89093,19.8602,14.512
6.25,5,64,4.90798,22.0299,19.0094
6.25,7,276,7.58624,29.0178,20.2021
6.25,4,61,4.1768,12.5368,9.23023
6.35,5,70,4.46692,16.2915,11.1773
6.35,6,159,6.31511,21.0675,14.9653
6.35,6,209,4.45806,19.5012,12.4767
6.35,7,136,5.19538,22.303,15.6352
6.35,4,114,4.35346,13.9859,12.425
6.35,8,265,9.61836,34.8323,25.0953
6.35,5,105,4.25173,20.4418,15.621
6.35,5,102,4.36044,17.9264,13.5777
6.35,9,87,7.19745,34.7892,20.3632
6.35,4,44,3.36686,15.4524,14.0499
6.35,5,114,4.3855,15.8791,12.7674
6.35,11,215,7.81881,47.2951,28.6946
6.35,9,126,7.06347,27.8398,20.3931
6.35,8,285,8.53629,32.8046,21.9019
6.35,6,92,7.41987,20.3968,14.0171
6.35,8,170,6.73691,24.2022,18.4251
6.35,5,54,4.48896,19.7462,11.9444
6.35,5,147,4.29725,19.4875,16.5461
6.35,7,115,5.41292,24.6693,14.7533
6.35,4,100,3.82524,11.1857,8.93514
6.35,6,327,6.49788,23.9608,16.412
6.35,7,81,4.91787,24.4259,15.2979
6.35,4,54,4.04775,15.1642,13.1439
6.35,5,155,5.13523,17.329,12.8745
6.35,8,150,5.51359,29.2543,19.4052
6.35,4,59,4.56304,12.9566,8.17237
6.35,8,458,7.13041,26.3063,16.7045
6.35,7,170,6.13077,25.2181,15.9805
6.35,6,193,5.48623,20.4354,14.7353
6.35,6,213,5.45441,21.128,13.323
6.45,6,101,5.1454,24.3316,18.7595
6.45,5,153,4.98517,17.5324,12.3843
6.45,6,106,7.07425,19.8168,15.0656
6.45,4,101,3.30923,15.3838,12.1502
6.45,6,128,5.8791,22.1631,13.8672
6.45,7,208,6.15349,19.2273,13.2571
6.45,8,220,7.42992,26.9054,15.2672
6.45,7,112,5.71012,29.2987,19.4093
6.45,8,110,9.2798,30.6904,20.1688
6.45,8,188,7.60269,25.2047,18.1998
6.45,4,107,3.60655,15.8264,13.0027
6.45,6,247,4.40579,19.1029,13.4582
6.45,7,373,7.01301,25.3567,17.8366
6.45,7,60,5.36644,23.0929,18.0253
6.45,6,110,4.74456,23.1985,17.6899
6.45,9,210,7.6243,24.4892,19.2794
6.45,7,157,9.11394,22.7263,15.8752
6.45,6,236,5.60642,17.3725,12.0321
6.45,6,136,5.10015,22.4596,17.7492
6.45,8,272,8.23608,32.3249,19.7802
6.45,5,41,4.02028,14.331,9.54142
6.45,5,94,4.19111,17.0576,11.5634
6.45,5,77,4.45687,19.7559,17.2132
6.45,9,174,8.11465,37.651,24.929
6.45,5,110,4.76478,19.5847,15.5663
6.45,6,90,4.70612,17.4339,13.0285
6.45,4,197,4.52463,15.3895,13.2479
6.45,4,109,4.69882,14.8708,11.8049
6.45,7,82,6.10193,27.2075,20.8705
6.45,7,94,6.09245,21.5931,15.6732
