extend,number_of_states,RRT_execution_time,gripper_distance_cart,robot_distance_jointspace,path_exec_time
2.25,9,73,7.2079,16.8055,14.2156
2.25,8,55,7.3801,14.8908,10.2026
2.25,8,54,6.05437,12.5746,8.29329
2.25,11,64,9.63715,21.492,15.8772
2.25,8,69,7.05324,14.4793,10.2145
2.25,10,58,6.41368,16.5188,14.3117
2.25,12,43,9.0065,22.9189,17.1
2.25,11,66,9.58475,18.5996,13.7473
2.25,8,41,6.20231,12.1401,9.23673
2.25,14,68,7.95519,26.985,18.4771
2.25,9,69,8.90002,16.3554,11.6739
2.25,8,43,5.8379,14.0079,9.12328
2.25,12,109,7.08623,23.3316,19.2898
2.25,7,39,6.14809,13.3907,8.90901
2.25,11,122,7.84976,19.0493,15.3012
2.25,11,53,9.48308,19.5811,12.8935
2.25,12,44,7.98425,22.3977,16.3411
2.25,11,126,6.72577,19.6154,13.9237
2.25,8,59,7.70784,14.4757,10.6844
2.25,11,107,5.90217,20.2261,14.9914
2.25,9,94,7.22287,16.4689,11.6998
2.25,8,39,6.66243,14.6518,10.428
2.25,12,49,7.92211,22.0899,15.6067
2.25,8,38,7.1415,13.5865,10.6274
2.25,9,68,5.79,15.5554,10.3353
2.25,18,91,12.2895,34.9078,25.217
2.25,17,62,10.7817,33.1208,21.3477
2.25,7,37,5.88941,12.1886,10.257
2.25,9,41,6.35428,15.0546,10.9878
2.25,16,90,9.04651,28.3259,20.9809
2.25,8,31,6.37112,13.3109,9.74422
2.25,8,47,6.17267,15.1455,10.4492
2.25,9,59,6.98881,16.8274,10.5775
2.25,10,31,6.77674,17.5973,13.7603
2.25,12,49,6.77762,22.5677,17.1763
2.25,9,97,6.51496,14.9407,10.2914
2.25,11,67,7.08589,21.3453,13.9964
2.25,12,90,7.39831,20.9292,14.2565
2.25,9,48,7.43249,16.525,11.3543
2.25,11,70,7.13367,18.8939,15.9003
2.25,9,35,6.19291,16.4796,12.6607
2.25,10,57,8.09522,18.6934,11.5224
2.25,14,123,10.015,27.9745,19.0121
2.25,10,44,7.40534,19.6078,12.74
2.25,10,87,7.85571,19.1701,13.5873
2.25,9,44,6.88704,14.3605,11.0225
2.25,10,57,7.479,16.6657,11.9475
2.25,11,94,8.0429,19.5252,14.2072
2.25,11,45,7.29578,20.4154,15.6872
2.25,9,125,7.78154,17.3559,14.1121
2.25,8,60,7.99045,15.3935,11.5772
2.25,10,124,7.56012,19.6359,15.8451
2.25,10,50,6.75196,18.3906,14.8288
2.25,19,174,14.6529,33.4195,20.2775
2.25,7,37,5.59101,11.5932,9.58147
2.25,13,46,9.97987,22.0896,16.1346
2.25,7,26,5.40983,11.4225,8.13621
2.25,13,130,9.81255,24.3717,14.892
2.25,7,35,6.01789,12.1832,9.77934
2.25,10,98,7.51589,17.9963,13.3808
2.25,7,45,5.27166,11.3132,7.97298
2.25,10,83,7.99758,17.0467,11.9774
2.25,9,60,6.06589,16.9691,10.8021
2.25,8,42,6.25794,13.7459,10.3507
2.25,11,118,7.86728,21.4549,15.8351
2.25,10,54,6.42101,16.1235,12.0957
2.25,7,66,6.014,12.0244,7.77102
2.25,11,57,8.99938,20.2345,15.2134
2.25,11,82,6.56146,20.3825,14.492
2.25,9,72,7.19722,15.5066,10.9065
2.25,8,82,6.6863,13.5115,10.0407
2.25,12,77,10.0698,23.4102,16.8974
2.25,7,30,5.19136,11.8184,9.02638
2.25,12,184,8.94526,23.6112,15.6028
2.25,8,31,6.05572,14.6428,10.0867
2.25,12,81,9.17361,21.2746,14.5188
2.25,8,34,5.43703,14.2855,10.2319
2.25,8,39,6.92757,14.5385,10.2656
2.25,11,120,7.02334,19.5473,14.7935
2.25,7,55,6.1267,12.8618,9.16214
2.25,9,29,6.79967,15.3463,12.1594
2.25,10,53,6.32963,16.8655,14.2128
2.25,8,44,6.82428,14.5334,11.2917
2.25,8,49,7.21992,14.5217,9.71601
2.25,13,48,10.0825,24.9465,17.6596
2.25,10,33,5.92872,17.4085,14.0883
2.25,14,94,7.7389,24.7681,18.1978
2.25,6,20,5.47923,10.2551,7.03804
2.25,7,31,6.04665,11.6481,7.50083
2.25,10,104,8.57763,19.4943,14.0666
2.25,11,65,5.3562,19.9811,13.0165
2.25,11,50,6.53792,19.6758,14.4622
2.25,12,55,9.13626,21.4576,15.8278
2.25,11,75,7.63109,21.3588,14.007
2.25,12,58,6.60485,20.6171,15.1316
2.25,10,90,6.95533,17.6065,13.3095
2.25,9,32,6.98523,15.8369,12.4997
2.25,8,56,7.9529,14.6569,10.8776
2.25,9,51,5.76953,16.7689,12.8675
2.25,12,68,10.569,22.9537,16.53
2.25,8,42,6.65798,15.4543,10.2875
2.25,12,53,8.37612,19.2766,16.3281
2.25,11,106,10.1595,21.1807,15.2105
2.25,8,58,6.39021,12.1272,8.28234
2.25,10,62,7.26743,18.3017,13.9393
2.25,14,77,10.7006,27.3686,18.582
2.25,12,47,9.48567,22.9802,17.0158
2.25,14,79,8.40711,25.744,20.3554
2.25,11,51,9.97964,21.536,16.3039
2.25,7,44,6.36335,12.2821,9.52105
2.25,9,37,5.81868,15.5805,12.6828
2.25,9,55,6.4804,16.0402,12.4005
2.25,10,77,7.47263,18.2954,12.5136
2.25,10,112,8.45743,16.7265,10.4728
2.25,10,52,6.75385,18.512,14.6857
2.25,11,67,6.3177,21.1627,14.5914
2.25,8,30,5.12989,12.0933,9.56548
2.25,9,59,8.38056,16.4167,11.8298
2.25,7,27,6.52027,12.4358,9.61749
2.25,7,50,6.04699,11.7237,8.19617
2.25,7,51,5.7889,13.1846,11.214
2.25,8,50,5.6572,14.6778,11.3641
2.25,10,90,7.1875,18.0427,13.0311
2.25,9,37,6.76268,15.703,12.7531
2.25,8,52,6.40919,14.4127,10.9512
2.25,13,74,7.46752,24.0422,20.0277
2.25,15,128,9.16983,27.7072,19.387
2.25,14,87,9.21373,26.1733,15.8638
2.25,8,35,6.85821,13.0142,9.71156
2.25,9,64,8.35778,17.6835,11.1143
2.25,8,38,5.9431,12.9372,10.1266
2.25,7,60,5.42067,11.8436,8.61835
2.25,10,38,7.13666,19.0204,14.1326
2.25,10,92,6.58924,18.6507,13.2804
2.25,7,50,5.48958,11.8466,8.32908
2.25,9,59,5.82591,13.9498,10.1411
2.25,11,65,7.96106,19.9614,13.215
2.25,11,82,8.122,20.3599,14.6668
2.25,16,94,10.0512,29.5213,21.067
2.25,10,59,7.1913,19.243,15.4768
2.25,9,61,7.16763,14.5492,10.5109
2.25,8,57,6.14902,14.3187,13.2156
2.25,11,86,7.76834,18.4259,13.3603
2.25,10,76,9.02591,17.4284,13.142
2.25,8,51,6.94457,14.8124,10.1529
2.25,14,79,10.7748,25.2855,17.3169
2.25,8,30,4.87171,13.0432,11.1727
2.25,10,55,6.28419,19.4636,15.3483
2.25,10,139,7.7069,19.0309,13.3552
2.25,13,104,10.9317,25.3973,17.9959
2.25,12,66,6.92693,20.8338,14.1546
2.25,9,31,5.94727,14.307,12.1201
2.25,9,46,7.0307,15.9376,10.6394
2.25,9,38,6.32317,16.1344,12.232
2.25,8,44,5.34724,14.0428,11.2379
2.25,8,54,7.16086,13.8869,9.39314
2.25,11,98,7.67284,20.4194,16.437
2.25,10,70,7.28572,18.5826,13.023
2.25,10,47,6.90291,18.8563,14.4118
2.25,7,33,4.57861,12.3078,9.03327
2.25,7,30,5.6862,13.0982,9.59781
2.25,10,60,6.77745,17.0639,11.6735
2.25,12,54,6.73734,22.7899,19.6283
2.25,11,55,7.28556,20.3345,15.797
2.25,13,101,8.74432,24.3257,19.2922
2.25,11,219,6.93728,17.3926,12.5178
2.25,9,40,5.78864,16.3907,12.8105
2.25,8,27,5.47425,11.9822,9.80862
2.25,10,35,7.63545,19.4578,11.2597
2.25,14,75,7.07554,25.492,18.6598
2.25,14,107,8.74971,26.3798,21.5536
2.25,14,97,8.66969,26.823,19.2583
2.25,8,94,7.99462,15.6107,10.3247
2.25,9,51,7.47084,16.2537,12.086
2.25,12,66,9.49825,21.7952,16.0146
2.25,11,62,8.9933,21.791,15.5794
2.25,8,73,7.49679,13.8848,9.92938
2.25,12,62,7.84311,22.4694,16.8437
2.25,10,44,8.13671,19.391,15.6196
2.25,12,45,8.05381,21.1195,15.261
2.25,10,123,7.72556,18.8976,15.8706
2.25,7,57,5.82696,12.854,9.81552
2.25,11,99,9.72663,21.0798,14.3751
2.25,14,63,9.57054,24.8697,17.9741
2.25,10,65,5.71922,19.0959,15.2319
2.25,11,54,8.56194,21.5008,15.2111
2.25,9,61,5.92306,16.4933,13.2378
2.25,11,56,7.06802,21.3443,17.1265
2.25,7,38,5.71842,13.3363,9.45713
2.25,9,91,6.51928,16.8028,14.0468
2.25,11,58,7.42577,20.7514,16.6577
2.25,12,60,7.56066,20.9692,14.7729
2.25,10,91,6.0141,18.5076,11.3573
2.25,7,37,6.27027,12.2194,8.32264
2.25,7,56,5.61602,12.3068,9.98108
2.25,7,51,6.53882,13.2942,10.0198
2.25,11,62,7.24341,18.9631,14.7802
2.25,13,74,8.19532,24.4399,17.7757
2.25,6,29,5.76642,11.11,7.40423
2.25,9,58,8.57757,16.1462,11.8728
2.25,10,54,8.61357,18.3037,13.4366
2.25,9,47,7.69645,16.1746,12.4498
2.25,11,64,8.28123,18.3903,14.1756
2.25,13,69,7.57396,22.6771,16.7653
2.25,8,42,6.08393,14.8572,10.5984
2.25,11,135,8.8413,20.5438,14.2755
2.25,14,112,8.58021,26.8376,19.1951
2.25,14,110,9.58746,24.0458,18.512
2.25,10,37,5.83495,14.2174,10.6365
2.25,9,60,7.42293,17.1036,11.4365
2.25,10,59,6.31911,16.0257,12.4908
2.25,11,36,6.91334,20.1432,16.7088
2.25,11,65,8.73626,20.9848,17.2146
2.25,10,65,6.36623,18.1552,14.5617
2.25,7,33,5.44322,11.7816,7.65192
2.25,7,46,6.68179,13.3419,9.71555
2.25,7,32,5.70802,11.4426,10.1395
2.25,12,127,9.80382,21.7837,14.5632
2.25,12,70,8.84488,23.3626,15.0177
2.25,10,108,8.03636,18.3837,14.4252
2.25,9,89,8.76911,15.0234,11.9801
2.25,9,35,6.65606,16.1653,12.1259
2.25,17,113,11.0929,30.8884,22.9791
2.25,11,86,7.14761,20.4538,13.8182
2.25,19,122,11.8849,33.8944,24.7678
2.25,7,73,5.35164,13.3449,11.459
2.25,9,63,5.28263,17.3447,15.1867
2.25,11,73,6.94994,20.6075,15.3249
2.25,9,72,7.13648,15.6149,10.6305
2.25,15,155,10.904,26.1436,19.2203
2.25,12,65,6.49269,22.7878,16.466
2.25,13,90,7.31522,22.9306,16.1127
2.25,8,79,5.67917,12.5841,8.58344
2.25,11,49,7.31989,19.9138,14.3061
2.25,10,70,6.23813,15.5603,10.648
2.25,13,83,9.49035,25.0878,18.3292
2.25,6,19,6.1307,9.74546,6.76189
2.25,10,48,10.4653,18.1997,12.832
2.25,7,46,6.21036,12.7401,10.7869
2.25,13,103,8.42279,24.0219,16.7041
2.25,9,64,6.59121,16.6834,12.4514
2.25,8,48,7.03773,14.6435,11.1557
2.25,9,73,6.73816,16.408,12.7468
2.25,10,59,6.27971,16.876,13.8326
2.25,11,67,7.6178,20.6406,13.6628
2.25,11,56,8.25827,20.5514,15.3159
2.25,9,43,7.53967,14.8513,9.94989
2.25,15,115,9.5714,28.0164,18.9275
2.25,9,74,6.79226,15.8911,11.7024
2.25,9,88,9.52181,17.4648,11.6047
2.25,9,33,6.72473,15.7618,11.9557
2.25,9,37,5.01279,17.7821,13.4607
2.25,11,49,7.6277,20.1767,13.8303
2.25,10,47,8.29496,19.8592,14.8645
2.25,14,110,11.3039,26.9665,21.5968
2.25,9,41,6.8036,13.933,10.2519
2.25,9,36,7.72003,13.9244,9.4266
2.25,9,36,7.45749,15.6725,12.2499
2.25,11,85,6.43841,18.4627,13.469
2.25,12,51,7.6684,21.5723,16.3868
2.25,9,43,8.24296,14.4564,11.6609
2.25,8,86,6.41575,12.9597,9.03081
2.25,9,46,6.81688,13.985,10.3235
2.25,13,36,7.41388,22.5683,15.5858
2.25,8,55,8.02457,15.7157,11.7019
2.25,7,36,6.00769,12.8107,9.35686
2.25,11,47,7.98891,20.8056,13.3791
2.25,8,47,6.66487,14.7381,11.2728
2.25,10,66,5.97269,18.3601,13.9601
2.25,11,102,6.14081,19.1949,13.6837
2.25,9,42,6.38004,15.1854,12.5486
2.25,10,72,6.8538,17.8383,13.1324
2.25,11,38,7.367,19.9891,16.261
2.25,8,98,7.37818,13.659,10.5844
2.25,11,72,7.88926,18.3496,12.9697
2.25,14,93,8.71779,25.3461,17.1815
2.25,8,67,5.94755,13.8228,10.1397
2.25,14,77,9.15751,24.0783,17.2017
2.25,17,108,11.1634,33.4804,23.2344
2.25,8,32,6.53162,13.9641,10.2956
2.25,12,72,6.7571,22.0959,17.2363
2.25,11,92,7.81915,19.5893,13.7738
2.25,8,60,5.73482,14.6595,13.1492
2.25,9,100,6.9065,16.0044,12.7831
2.25,11,79,8.53536,20.3453,13.6569
2.25,11,100,7.41793,19.4461,14.1077
2.25,9,43,7.1259,16.3039,11.3233
2.25,9,80,7.31014,17.3022,11.7643
2.25,9,60,6.97997,15.6688,11.4788
2.25,15,100,9.92425,26.6822,20.2097
2.25,10,77,9.05191,19.6143,14.0859
2.25,8,33,6.04598,13.0424,9.81687
2.25,11,107,8.82057,20.6326,14.9677
2.25,10,37,7.79698,18.6178,14.3892
2.25,10,62,6.1813,16.9333,12.3422
2.25,14,67,9.56383,27.4154,21.2039
2.25,7,41,5.71669,12.1136,9.41336
2.25,11,73,7.94748,18.5819,14.216
2.25,9,83,7.71523,17.6452,12.1293
2.25,14,91,10.4354,26.2694,21.0273
2.25,10,39,8.57367,18.9565,12.9556
2.25,11,131,7.47275,21.0474,15.403
2.25,8,35,6.37279,13.1034,9.08426
2.25,8,35,6.18314,14.1943,11.7485
2.25,8,58,7.59064,14.1244,10.4767
2.25,9,35,5.77006,14.3181,9.78957
2.25,11,78,8.2594,21.3469,15.5969
2.25,10,78,8.51413,20.0884,13.7133
2.25,10,37,6.82685,16.5625,12.6846
2.25,12,156,8.20755,21.8679,14.3601
2.25,9,42,6.50645,15.4816,11.2143
2.25,12,55,6.76729,22.2056,19.9946
2.25,10,84,8.41646,18.327,11.8102
2.25,8,24,5.58982,11.5652,8.34075
2.25,11,65,8.83566,20.2806,14.9623
2.25,8,70,6.49569,14.9622,12.8396
2.25,10,86,7.79379,19.2615,13.0742
2.25,13,72,7.53406,23.4506,16.7512
2.25,11,70,7.96311,19.9643,15.7641
2.25,7,49,5.31267,12.293,7.55819
2.25,11,83,7.87925,19.1517,14.0924
2.25,13,63,7.94978,24.8565,17.2116
2.25,10,59,6.26758,16.9723,13.1713
2.25,12,50,7.48218,23.6618,15.623
2.25,7,45,6.39686,12.5235,9.67489
2.25,12,61,6.70479,22.6062,17.3654
2.25,10,69,7.25796,18.2857,12.8456
2.25,11,61,7.31821,20.3008,14.2872
2.25,8,37,6.11613,13.6211,9.41826
2.25,6,22,4.86504,11.2324,8.4579
2.25,15,71,8.20708,26.9808,21.5011
2.25,11,78,7.82823,19.7505,13.9826
2.25,11,40,7.24928,19.5388,13.8921
2.25,11,52,6.73269,20.4157,16.6789
2.25,10,82,9.75234,18.5471,14.1768
2.25,12,54,7.34525,21.7771,14.9705
2.25,13,94,8.0246,24.7669,17.9913
2.25,14,55,10.2148,26.2414,20.6155
2.25,11,84,5.92047,20.2979,15.4732
2.25,11,35,6.92312,19.2758,14.4282
2.25,9,48,5.91999,16.269,13.6139
2.25,8,77,7.61085,14.5102,10.8624
2.25,10,79,7.52545,17.2763,11.6482
2.25,9,46,6.10701,15.7546,11.6762
2.25,10,48,9.07339,18.8807,12.8893
2.25,11,53,7.56541,18.2585,14.4362
2.25,11,86,7.67309,18.7294,12.8487
2.25,10,40,6.76462,17.5276,12.1133
2.25,9,71,6.1138,16.7075,13.1643
2.25,8,47,6.68658,15.3277,11.9421
2.25,12,99,9.63791,23.897,15.6147
2.25,8,43,6.48556,14.5098,10.1466
2.25,10,38,7.76555,18.7252,14.1506
2.25,7,38,6.43708,13.0552,8.02547
2.25,10,37,6.21701,17.7959,13.6387
2.25,8,71,7.93297,15.1128,11.349
2.25,9,49,5.74936,17.1369,12.0158
2.25,10,131,7.86681,17.8867,13.2417
2.25,9,53,6.87552,16.2564,12.6781
2.25,8,48,7.00633,14.0564,10.6001
2.25,8,46,6.70466,13.5701,9.41951
2.25,9,58,7.06098,16.5128,12.6562
2.25,9,45,6.25023,17.0498,13.5524
2.25,13,94,7.45535,23.6218,17.4018
2.25,7,39,6.27548,10.5217,6.84805
2.25,8,74,5.52162,13.9487,10.816
2.25,10,61,7.54792,16.2342,11.6157
2.25,9,54,8.1417,17.639,13.4329
2.25,13,82,7.28454,24.8747,20.8942
2.25,9,37,6.1617,15.6524,11.4698
2.25,13,48,7.15913,26.6854,21.9127
2.25,12,105,9.70657,22.061,16.0372
2.25,10,25,5.85676,16.2383,12.0497
2.25,9,75,5.86053,15.6646,11.7399
2.25,12,82,9.58002,23.0462,15.8393
2.25,9,33,6.3938,16.197,11.7333
2.25,10,40,7.14611,17.1995,13.6701
2.25,11,72,9.30947,19.3279,14.9672
2.25,9,56,8.54075,16.7385,11.719
2.25,9,38,6.27272,14.0181,10.2127
2.25,7,31,6.41236,12.0223,8.60442
2.25,7,35,5.41147,11.9777,8.45568
2.25,9,31,6.74759,15.0724,11.3963
2.25,10,36,7.25185,17.8838,12.9039
2.25,12,93,7.64596,21.8562,16.258
2.25,11,61,9.99527,21.9913,15.649
2.25,11,104,7.46285,19.259,13.4688
2.25,10,44,7.50347,18.7441,15.1599
2.25,10,108,7.04611,16.7173,11.6161
2.25,8,29,6.82456,13.7482,10.7189
2.25,9,65,5.91039,15.7926,10.7974
2.25,9,83,5.41085,15.3923,12.2265
2.25,8,36,6.71371,14.711,11.0948
2.25,7,25,5.4507,11.3083,8.6707
2.25,11,69,8.41452,19.2946,13.606
2.25,8,30,6.52986,14.8471,10.5172
2.25,11,48,7.72376,20.8298,16.5383
2.25,9,61,6.12111,14.3123,11.9508
2.25,17,132,11.5825,30.0199,20.7884
2.25,9,40,6.5558,15.3719,13.9924
2.25,10,62,5.88123,16.5537,12.7691
2.25,8,54,5.80463,14.9473,10.7009
2.25,15,116,8.48771,28.6392,18.5197
2.25,9,34,6.71556,16.0403,11.1816
2.25,7,42,5.78409,12.327,10.2131
2.25,10,83,7.9974,17.3644,13.377
2.25,8,48,6.7106,14.1009,10.1297
2.25,17,74,11.73,31.0614,20.5264
2.25,11,63,6.99567,19.3665,13.9977
2.25,10,82,6.46444,18.3696,12.0081
2.25,10,87,6.71262,19.6295,13.7171
2.25,11,43,7.5422,19.0736,15.5049
2.25,11,66,6.578,18.4195,13.4218
2.25,11,66,7.65164,20.2139,15.6625
2.25,7,75,5.36099,11.8647,9.77231
2.25,8,41,5.51209,13.6497,10.9366
2.25,15,106,7.58824,28.8121,21.2457
2.25,11,119,7.93266,18.8277,13.8414
2.25,14,72,8.55712,24.0989,18.4441
2.25,12,94,9.73935,21.184,14.8999
2.25,14,55,8.71758,27.9265,20.6002
2.25,12,40,7.61415,20.5231,15.3234
2.25,7,41,6.17858,12.1307,8.26298
2.25,12,49,6.94451,21.2445,14.4759
2.25,10,69,7.44543,17.9343,14.331
2.25,10,79,8.31047,16.9413,12.8513
2.25,8,36,5.58635,12.8446,9.11707
2.25,9,124,7.16719,14.6409,12.0533
2.25,8,90,6.42864,14.9585,12.5655
2.25,7,59,6.13815,12.8878,9.92722
2.25,11,108,7.30189,20.2592,15.5671
2.25,13,52,8.74101,24.2865,18.6249
2.25,14,76,9.62828,26.069,16.4834
2.25,9,41,8.30061,17.1397,13.2152
2.25,11,55,10.0955,19.3667,13.3382
2.25,14,124,10.9746,25.3798,16.4876
2.25,12,58,7.49786,20.5812,15.1262
2.25,8,26,5.67163,13.1718,11.0331
2.25,13,70,9.612,24.5329,16.6296
2.25,11,33,7.36599,20.5327,12.5679
2.25,8,39,6.86657,15.453,12.3758
2.25,8,58,6.71482,15.3334,12.0528
2.25,10,59,7.34914,18.3442,13.5294
2.25,9,62,4.87465,16.203,11.0547
2.25,8,49,6.0791,14.1668,10.822
2.25,7,30,6.10323,12.4125,9.08104
2.25,13,74,8.71664,25.2119,18.6092
2.25,12,72,10.3504,22.4285,15.7967
2.25,11,39,9.20814,20.4213,14.9535
2.25,10,54,6.74069,17.7576,11.7981
2.25,9,38,8.42582,14.8897,10.6679
2.25,11,81,6.52568,19.6166,15.2235
2.25,9,37,7.58373,15.8462,13.2088
2.25,12,52,9.32523,21.2872,14.6973
2.25,11,64,6.61795,20.7952,13.3803
2.25,14,86,9.84485,26.9687,19.8448
2.25,11,70,8.34128,20.094,14.2044
2.25,13,135,8.17343,26.2255,20.2477
2.25,9,39,6.18391,15.0517,11.9272
2.25,11,79,8.45996,21.9447,16.0028
2.25,11,56,7.09422,18.3406,12.7686
2.25,11,92,8.886,20.629,16.7171
2.25,8,38,5.53292,13.9191,10.3541
2.25,10,70,6.80034,16.2557,11.9014
2.25,14,130,6.93509,26.4518,18.3552
2.25,10,82,6.1635,16.8167,14.2979
2.25,12,95,10.7016,23.5832,18.0249
2.25,12,94,9.26083,21.007,15.7307
2.25,11,65,7.30012,19.8774,12.8996
2.25,10,44,6.54414,18.1215,14.4895
2.25,7,33,6.40643,12.9387,9.95958
2.25,9,50,6.05741,16.2546,13.6817
2.25,15,119,8.43571,26.004,17.5095
2.25,10,56,6.98771,19.25,15.1217
2.25,11,63,8.42991,19.5959,13.9116
2.25,12,54,6.70496,22.8854,20.0783
2.25,9,57,7.79421,15.8484,12.5838
2.25,7,24,5.63293,11.3585,8.73548
2.25,14,61,7.86829,26.5676,19.6563
2.25,12,38,7.53005,22.0096,16.7726
2.25,8,45,7.05918,15.3495,11.839
2.25,11,52,7.44484,17.4787,12.6917
2.25,10,66,8.20899,18.7757,13.8944
2.25,8,48,6.48045,14.7308,10.5455
2.25,14,112,7.76418,26.4042,19.1291
2.25,10,27,7.02253,16.6883,10.1131
2.25,13,88,9.74532,25.3395,16.8641
2.25,14,69,11.7866,25.4268,15.4808
2.25,12,79,7.30414,21.9737,14.7406
2.25,7,42,6.37463,12.18,8.80997
2.25,10,69,7.74885,17.4319,11.9065
2.25,14,94,8.95805,26.4191,20.6079
2.25,11,48,7.2589,21.7603,16.0609
2.25,10,56,7.27763,17.483,11.3592
2.25,12,103,8.45286,21.5605,15.6397
2.25,9,64,8.03423,16.6129,12.6562
2.25,10,137,7.49847,18.5897,12.3412
2.25,9,59,6.34338,15.6468,10.697
2.25,14,117,7.29397,24.5674,17.4428
2.25,11,67,6.43812,20.0919,14.0516
2.25,11,53,6.8874,20.3496,12.1556
2.25,8,53,6.26887,14.8349,13.0708
2.25,9,78,8.68351,17.6483,13.4275
2.25,11,56,8.8131,16.9533,12.2938
2.25,12,69,10.1075,20.7734,14.486
2.25,10,42,7.93808,16.6245,12.2818
2.25,7,52,5.42241,13.2182,11.186
2.25,7,68,6.33146,12.301,7.76556
2.25,8,40,6.05575,13.0492,9.46713
2.25,11,54,7.97121,20.7059,14.5416
2.25,7,58,5.22027,12.4493,10.0513
2.25,12,74,8.77001,21.7842,16.2773
2.25,8,46,5.27198,11.4148,8.65339
2.25,11,47,9.18995,18.899,10.7813
2.25,13,41,7.87768,21.2924,12.3731
2.25,10,45,7.34319,17.9271,12.9211
2.25,11,91,7.95267,19.417,14.0434
2.25,11,51,6.96443,21.6852,16.028
2.25,15,136,8.49033,24.6537,17.5866
2.25,10,65,8.12901,18.1676,15.5572
2.25,8,48,5.73623,14.7884,10.1648
2.25,9,116,5.86749,15.915,12.809
2.25,10,71,7.23292,18.6445,13.1085
2.25,9,47,5.89548,14.5531,11.2389
2.25,8,46,6.24518,13.9984,9.92477
2.25,11,42,7.43427,18.9011,14.3466
2.25,15,97,12.241,26.6938,18.162
2.25,10,33,6.78829,18.1603,12.6366
2.25,7,40,5.22324,12.8729,10.6081
2.25,10,54,6.84804,19.1254,16.6018
2.25,7,44,5.15161,12.364,8.97005
2.25,13,77,8.00918,23.6263,14.4677
2.25,10,69,7.26788,18.0408,14.2287
2.25,9,49,7.85468,16.4203,12.3874
2.25,8,50,6.58361,14.7728,9.88435
2.25,12,158,6.91442,20.612,16.3558
2.25,15,105,14.414,28.6517,18.9666
2.25,7,27,6.23544,10.5874,8.78941
2.25,11,115,8.69868,20.1755,12.4677
2.25,8,85,5.62005,13.7471,9.81069
2.25,10,72,8.08042,17.9466,13.8711
2.25,9,51,6.322,17.0152,13.5513
2.25,12,47,6.9392,21.8714,16.5737
2.25,10,42,6.88024,16.6859,11.5727
2.25,13,101,8.31717,23.8832,17.0602
2.25,10,30,7.01942,16.9601,13.9926
2.25,11,63,6.51466,21.5525,16.9228
2.25,9,64,6.50954,14.4681,10.3679
2.25,17,117,13.5803,31.9373,22.3114
2.25,14,112,10.5692,27.8095,18.9117
2.25,13,67,8.93255,24.2772,14.8689
2.25,8,51,5.90636,14.5178,11.617
2.25,11,63,6.90699,21.6163,16.9666
2.25,9,48,6.95347,16.51,12.0565
2.25,10,53,6.74328,17.7836,12.134
2.25,9,133,6.15564,16.5462,13.5647
2.25,7,30,6.69261,12.9057,11.0323
2.25,8,62,6.74554,13.1758,10.5031
2.25,9,82,6.82058,14.6233,10.4236
2.25,9,94,6.22954,15.6393,13.5634
2.25,11,60,8.15196,19.2295,13.7152
2.25,13,46,8.19518,23.3269,19.3716
2.25,7,42,5.2336,12.4844,9.05058
2.25,10,37,6.4128,19.4038,14.4675
2.25,9,53,6.99336,16.0223,10.6736
2.25,8,52,6.2256,12.9478,10.21
2.25,10,73,6.4949,19.0105,14.0861
2.25,9,44,6.89277,15.8995,11.6405
2.25,10,45,6.8566,16.4485,11.8255
2.25,6,34,6.07026,10.4785,7.53995
2.25,9,37,5.53314,15.7198,12.8936
2.25,10,58,7.52071,17.8124,13.1717
2.25,10,69,6.86518,18.9292,14.2692
2.25,11,88,8.69924,21.7185,14.2809
2.25,10,72,6.24553,17.716,13.6091
2.25,7,29,5.93485,12.2204,9.27503
2.25,8,98,6.99134,15.1677,10.3137
2.25,11,133,7.01926,19.8022,12.2413
2.25,17,106,10.6338,31.8533,21.2132
2.25,10,54,6.23072,18.0833,13.0272
2.25,18,126,12.6198,32.4567,21.7634
2.25,8,42,6.02555,14.352,11.4882
2.25,9,35,6.44953,13.4431,9.45271
2.25,9,70,7.39135,15.9137,13.0139
2.25,11,55,8.39538,18.8526,13.7102
2.25,13,127,10.9414,22.2612,15.4059
2.25,9,61,8.67402,17.9946,11.7789
2.25,9,79,6.0807,15.4789,10.3869
2.25,7,36,6.0115,11.9521,10.1961
2.25,10,71,9.56958,19.3869,13.5661
2.25,12,109,8.75637,22.6119,15.301
2.25,8,44,7.06562,14.6152,9.89431
2.25,10,57,6.64989,18.0877,12.4886
2.25,13,72,7.7935,23.9152,17.7632
2.25,8,50,6.29709,15.1721,10.5442
2.25,11,106,8.36916,21.2188,16.741
2.25,8,52,6.16019,13.8573,10.6299
2.25,15,75,8.7694,26.6998,19.3435
2.25,13,70,8.06657,24.563,17.3246
2.25,11,55,7.38881,19.7173,16.9744
2.25,9,55,6.25252,16.721,14.0249
2.25,15,75,10.845,26.3532,18.6212
2.25,7,60,6.00445,12.6244,10.6279
2.25,6,37,6.35787,10.6712,7.44408
2.25,11,54,9.1201,18.259,13.8036
2.25,11,100,9.44415,19.4923,15.1871
2.25,16,136,11.9595,31.6675,22.1181
2.25,10,52,6.50533,18.0729,16.0792
2.25,9,33,6.47045,16.8678,12.3584
2.25,16,77,9.5537,28.302,18.6062
2.25,10,48,7.26615,18.1792,14.6713
2.25,12,59,7.2305,22.5184,14.237
2.25,11,67,8.17228,22.2954,15.3257
2.25,12,47,7.32052,21.4414,13.8252
2.25,15,86,10.4341,27.8522,19.1035
2.25,9,50,4.7685,16.1703,13.0352
2.25,16,86,9.61389,31.8131,22.9938
2.25,13,76,9.4153,25.8335,17.6304
2.25,8,64,5.35843,14.8863,12.5279
2.25,16,72,9.59148,28.3028,21.0782
2.25,9,45,7.25269,15.9947,12.524
2.25,9,43,7.11152,15.0207,9.7322
2.25,11,73,6.62155,20.3046,16.6461
2.25,8,46,6.00844,14.4304,11.0927
2.25,11,84,8.3063,21.0531,15.3651
2.25,11,73,7.57755,20.4606,13.7509
2.25,12,116,9.49768,21.513,15.7729
2.25,12,64,7.65243,19.8254,13.5252
2.25,8,45,6.43524,14.8261,11.2998
2.25,12,67,8.91142,23.5785,15.4665
2.25,14,103,9.7279,24.881,16.7983
2.25,11,69,8.0215,19.2888,14.1394
2.25,12,103,7.59289,22.4996,15.1513
2.25,12,43,8.55968,20.6683,15.3121
2.25,8,44,8.54532,15.0676,11.0408
2.25,12,94,7.69474,21.7053,16.4718
2.25,9,45,6.96706,15.4444,12.6586
2.25,15,100,9.43713,26.5811,18.2887
2.25,8,48,6.33397,14.3699,10.1381
2.25,9,45,4.75466,14.1859,11.3251
2.25,10,153,9.22258,16.9627,11.8412
2.25,7,39,6.57946,13.1705,8.88045
2.25,12,53,7.1134,22.3783,19.46
2.25,13,76,8.19576,23.4743,15.1821
2.25,6,79,5.4341,10.8544,7.42923
2.25,13,85,9.09067,25.1969,17.8527
2.25,15,114,7.77294,27.9581,22.5805
2.25,13,118,6.92989,21.7621,14.8552
2.25,8,41,6.21855,14.0071,9.75617
2.25,12,42,8.20375,23.8487,17.9893
2.25,8,42,5.01926,11.8277,8.25581
2.25,15,116,9.07672,29.9335,20.2135
2.25,10,61,7.9937,18.0097,12.5984
2.25,13,119,10.1199,24.9363,16.8586
2.25,11,86,7.80855,20.2605,15.6236
2.25,11,42,8.71566,19.2058,12.7327
2.25,10,44,6.92542,19.227,12.4394
2.25,8,55,7.21763,13.4091,9.46073
2.25,8,42,7.31704,15.4408,11.1678
2.25,11,92,8.31656,20.3348,13.2509
2.25,8,90,5.49815,14.1014,11.0433
2.25,15,62,8.65419,28.2184,21.1508
2.25,12,45,7.57675,21.0625,14.4147
2.25,15,53,7.80034,26.8385,18.2083
2.25,9,66,8.01395,16.6929,13.997
2.25,9,62,7.50945,17.5813,11.0544
2.25,11,98,8.27187,20.5275,14.9282
2.25,11,68,9.07791,21.1596,15.427
2.25,8,41,5.86638,12.9594,10.5157
2.25,13,78,9.02936,25.269,18.217
2.25,11,101,6.41432,18.7345,13.6981
2.25,9,39,6.30213,17.1503,11.2402
2.25,9,91,7.27095,15.9628,11.8583
2.25,10,134,5.98974,16.1694,13.8301
2.25,15,134,10.9936,27.338,19.8091
2.25,10,94,9.37546,18.9907,13.0804
2.25,9,42,7.05799,16.5412,10.1024
2.25,7,38,5.40086,11.3512,8.12429
2.25,10,42,7.27244,17.6489,13.0852
2.25,10,61,6.81405,19.2024,14.3045
2.25,9,91,6.09817,16.5117,12.5434
2.25,12,61,9.25406,23.3274,15.3386
2.25,7,23,5.76051,10.6572,7.65904
2.25,10,46,6.89066,18.6808,13.7531
2.25,7,51,5.42077,10.9617,7.48198
2.25,7,27,5.97696,11.7826,9.17601
2.25,8,96,5.97714,14.2935,11.861
2.25,8,36,5.51371,13.063,10.0822
2.25,6,29,5.29705,11.1132,7.18545
2.25,8,32,6.42223,14.9276,11.3734
2.25,10,67,10.6019,20.1752,14.3164
2.25,16,77,10.6003,30.0002,17.7973
2.25,9,70,6.14543,16.3501,12.4608
2.25,10,53,8.17456,18.2623,12.2663
2.25,8,63,7.12529,14.3696,9.94519
2.25,9,73,7.67116,17.0101,11.2474
2.25,10,58,6.64443,18.2237,10.7797
2.25,8,91,6.36087,14.5532,10.9132
2.25,10,65,8.76758,16.3794,12.8093
2.25,8,45,6.65837,14.4624,10.8241
2.25,10,35,5.09452,17.345,13.7937
2.25,8,64,5.56318,15.0335,12.283
2.25,10,66,7.96283,17.8671,13.4031
2.25,9,111,7.15641,15.8637,13.522
2.25,11,89,9.1903,20.4028,13.4408
2.25,7,48,6.78926,13.0115,8.46975
2.25,12,95,9.03992,20.6653,13.9561
2.25,7,45,5.13029,12.9327,8.87133
2.25,16,87,11.6788,29.358,20.217
2.25,8,49,6.26822,13.654,10.5717
2.25,9,61,7.87971,16.4991,13.5595
2.25,12,44,6.58111,20.6665,12.7838
2.25,11,64,8.34858,19.8693,13.7876
2.25,10,94,6.67403,16.9894,12.5412
2.25,7,43,6.7877,12.8686,9.93403
2.25,11,135,8.5516,20.8023,15.4909
2.25,13,59,8.11894,21.422,15.0565
2.25,10,67,8.00624,18.731,13.5536
2.25,11,102,8.6848,20.1137,14.9366
2.25,10,68,7.49441,18.2574,12.6544
2.25,13,84,7.55042,24.952,17.5492
2.25,8,42,6.48083,15.2656,12.5344
2.25,10,78,7.22549,17.6277,13.1834
2.25,11,52,7.77374,20.2546,15.6657
2.25,8,53,5.44732,14.9963,12.5295
2.25,14,55,9.43105,26.1902,18.7177
2.25,7,48,6.25779,12.9435,8.96143
2.25,9,85,8.59913,17.3384,11.5856
2.25,8,51,5.99478,15.414,11.1394
2.25,10,56,8.11658,18.4919,13.1161
2.25,10,65,6.74378,18.5354,11.9274
2.25,10,66,6.24164,16.6589,11.8542
2.25,9,78,6.83925,17.9421,13.8399
2.25,13,74,8.60033,24.9676,18.1544
2.25,8,55,7.25528,13.0421,9.59332
2.25,11,52,6.74126,19.3303,13.345
2.25,10,41,6.94403,18.3877,13.4333
2.25,9,46,6.67919,15.5177,11.8126
2.25,12,75,7.79522,23.2855,15.3645
2.25,8,34,6.39267,14.6999,10.3842
2.25,14,94,11.0292,26.4594,18.2267
2.25,11,64,5.231,20.0894,14.6295
2.25,12,69,9.01959,21.9097,16.2814
2.25,10,63,6.45975,19.2098,14.2467
2.25,15,81,8.41203,25.5366,19.9787
2.25,8,50,6.21003,13.4761,10.3298
2.25,9,45,6.08552,15.9935,12.2926
2.25,9,43,6.61222,15.9644,12.1663
2.25,8,36,5.48341,13.8172,11.4784
2.25,8,61,6.29903,14.8006,12.3406
2.25,15,168,9.00197,25.4502,15.3687
2.25,8,27,5.00709,13.7161,10.9084
2.25,10,34,7.09423,18.5535,12.0067
2.25,8,40,7.24059,13.702,9.06473
2.25,9,45,7.24113,16.8397,11.1696
2.25,10,47,7.7051,17.568,13.1306
2.25,13,62,9.27448,24.9493,14.8595
2.25,11,99,7.77709,20.3553,16.2685
2.25,9,39,6.79626,17.9118,12.1476
2.25,9,51,7.44186,15.6228,10.8668
2.25,9,57,6.2116,17.9233,12.758
2.25,10,45,6.60236,18.104,12.3107
2.25,12,67,6.28643,19.3903,13.7301
2.25,12,41,8.05157,20.2841,13.7845
2.25,11,56,9.76028,21.9469,14.0733
2.25,9,61,6.17482,15.6455,10.126
2.25,8,108,5.59831,13.477,10.7457
2.25,11,117,7.11783,19.81,14.9231
2.25,9,59,7.44653,16.2654,11.8571
2.25,9,41,5.9346,15.912,11.9853
2.25,14,74,7.19401,25.0447,16.5764
2.25,10,46,6.16508,18.481,14.2262
2.25,12,110,9.72155,24.6856,18.2044
2.25,10,62,7.88056,18.4056,16.6689
2.25,7,25,4.96604,11.0217,7.42582
2.25,10,54,6.81514,17.8185,13.3888
2.25,9,64,7.21966,15.6595,10.7988
2.25,6,25,5.22331,10.1744,6.59983
2.25,9,30,6.10165,15.223,12.6588
2.25,13,86,9.0638,25.4736,18.8182
2.25,14,74,10.0596,26.0623,17.6362
2.25,9,36,7.62265,17.074,11.3321
2.25,14,50,8.95301,25.7384,17.306
2.25,10,49,7.14065,18.1741,13.7073
2.25,16,61,10.5982,28.2983,18.1632
2.25,8,48,7.43111,14.273,10.0599
2.25,10,66,6.66919,17.702,14.4682
2.25,11,32,8.73443,19.4126,13.1861
2.25,8,45,5.76653,13.8184,11.5928
2.25,9,32,5.65624,15.2907,11.145
2.25,11,49,8.11295,18.8141,13.6794
2.25,11,55,5.81209,18.6011,16.2148
2.25,9,58,6.95138,17.3698,13.335
2.25,12,69,8.65707,22.6315,14.7193
2.25,13,61,9.535,22.8159,17.0918
2.25,9,94,6.79208,16.4822,11.4923
2.25,8,35,5.94529,13.4677,11.102
2.25,7,57,5.39445,11.2118,7.48467
2.25,9,37,6.5318,15.8059,10.0482
2.25,11,48,8.87473,19.4646,14.7758
2.25,10,39,6.65783,19.232,16.2094
2.25,6,23,5.92343,11.206,8.83427
2.25,11,49,7.90499,19.788,15.708
2.25,16,72,9.64309,27.9671,18.6746
2.25,12,46,7.40848,23.1746,16.3479
2.25,12,126,7.91508,21.8032,14.3169
2.25,9,41,7.3888,14.8823,11.1603
2.25,10,85,7.09235,18.2014,13.2749
2.25,8,30,5.84622,13.9746,11.2737
2.25,8,39,5.90495,14.3659,11.4562
2.25,12,122,11.569,21.4902,14.1909
2.25,8,64,6.40579,14.4595,11.063
2.25,17,52,9.06593,31.8841,21.2305
2.25,12,50,8.4891,22.096,15.5752
2.25,9,59,7.06579,15.717,9.70027
2.25,8,53,4.94197,14.77,11.9135
2.25,9,59,5.87175,16.0703,13.1932
2.25,11,40,7.58842,18.9618,13.1258
2.25,9,37,7.91395,15.0969,12.3028
2.25,11,54,5.99583,18.3657,13.3053
2.25,8,83,6.17066,14.4552,11.4602
2.25,13,106,8.60759,24.3947,20.0826
2.25,10,56,8.35765,17.0985,11.5773
2.25,11,102,8.1877,20.0177,15.2538
2.25,11,39,8.15459,22.2851,15.4708
2.25,9,55,6.24849,16.6877,13.0238
2.25,12,113,7.39803,22.3788,18.4995
2.25,12,48,8.9036,22.4504,15.0466
2.25,8,39,6.21565,14.9898,10.3956
2.25,11,92,7.73571,19.9922,15.4381
2.25,15,102,10.2182,29.4316,21.7179
2.25,11,51,9.0037,19.2303,12.9488
2.25,10,50,6.42868,16.0344,12.6741
2.25,11,64,6.42671,17.2761,13.3014
2.25,8,97,7.21832,15.026,12.2852
2.25,12,58,6.60275,23.9194,18.0337
2.25,12,58,9.69603,22.2784,15.7216
2.25,17,110,12.6587,34.2902,24.5919
2.25,12,44,8.65136,23.22,15.3815
2.25,8,40,6.23698,15.7227,12.6584
2.25,12,40,6.85821,22.6524,17.4675
2.25,10,51,6.12663,15.522,10.7085
2.25,11,66,8.07545,19.8411,15.0209
2.25,9,64,6.89987,15.5058,11.8711
2.25,12,44,7.60893,21.2994,15.1195
2.25,8,42,5.1466,13.1079,8.8094
2.25,12,58,7.08942,21.7858,16.7841
2.25,11,72,6.87131,19.8619,15.3458
2.25,15,81,9.8774,26.5225,16.0995
2.25,14,84,10.4298,26.2879,17.9075
2.25,8,81,6.23244,15.3088,12.1578
2.25,7,66,5.36483,11.3541,7.75573
2.25,11,79,8.82062,19.8621,15.3003
2.25,15,98,10.9956,25.3335,17.8457
2.25,9,66,7.11414,15.8311,12.0482
2.25,10,67,7.39517,16.6848,12.5143
2.25,10,54,8.01559,18.4382,14.64
2.25,13,93,6.83587,24.8616,20.5525
2.25,12,95,8.40853,21.4707,17.3539
2.25,11,66,8.84382,19.6322,14.637
2.25,14,85,8.2248,25.9557,18.8094
2.25,12,71,9.28508,21.3215,16.4606
2.25,13,118,9.67521,26.802,21.0975
2.25,12,84,10.5875,22.8566,15.3598
2.25,12,80,7.45879,23.7021,19.2173
2.25,8,72,8.06126,13.2766,10.8289
2.25,14,104,12.8466,27.0825,19.0035
2.25,10,47,6.4201,16.5312,12.3182
2.25,11,52,6.09686,21.3205,15.4112
2.25,9,145,6.68059,14.2797,11.6827
2.25,12,69,7.58344,19.8529,14.3761
2.25,8,38,5.8526,14.7978,11.6036
2.25,9,54,6.17134,15.9751,9.95721
2.25,10,42,5.92966,17.8505,14.9795
2.25,17,82,9.44158,33.3419,23.7429
2.25,10,58,6.99015,17.2569,13.4753
2.25,8,46,6.94728,14.358,9.94184
2.25,9,75,7.63466,15.781,10.9534
2.25,7,55,6.00297,13.3085,11.9316
2.25,12,62,8.03959,22.1051,15.9575
2.25,12,82,9.17455,20.8695,13.5278
2.25,7,31,5.95252,12.4194,8.95718
2.25,8,50,5.47623,14.2591,9.7695
2.25,12,69,9.11101,22.444,16.8431
2.25,7,37,6.14279,12.1105,8.48168
2.25,8,70,7.10135,13.4941,10.607
2.25,12,128,8.13335,22.0673,17.6879
2.25,6,25,5.2301,10.6132,7.6195
2.25,12,63,7.43226,22.2582,15.1831
2.25,9,62,6.72601,17.7289,13.1918
2.25,11,117,7.77557,19.5059,13.9895
2.25,8,81,7.09075,13.6431,10.4986
2.25,12,72,6.7798,22.1612,17.3154
2.25,14,103,10.6212,25.4503,17.107
2.25,10,60,6.09568,17.2193,13.6749
2.25,9,48,6.99716,16.7559,13.1802
2.25,7,47,5.90772,13.2987,10.2738
2.25,11,56,8.32082,21.1486,15.1378
2.25,11,98,5.64067,20.5893,15.4208
2.25,11,33,6.44822,21.7085,17.1392
2.25,10,79,8.08057,19.2426,13.3343
2.25,8,53,6.66816,12.2787,9.0837
2.25,12,84,8.21281,19.5498,12.7786
2.25,11,44,8.02264,20.5074,15.6146
2.25,9,58,6.41343,16.1432,12.1188
2.25,11,70,8.8832,20.4159,12.5898
2.25,8,65,6.09247,14.8445,11.6921
2.25,11,96,7.99,20.7694,16.4509
2.25,8,50,6.03433,13.3027,9.967
2.25,10,95,7.88319,17.6346,14.7481
2.25,8,80,6.5591,13.4469,9.44996
2.25,11,61,7.83282,20.1297,14.0318
2.25,13,78,8.0232,24.3312,16.6228
2.25,12,121,8.99366,22.1601,15.9386
2.25,11,85,7.11828,20.024,12.7412
2.25,11,48,9.49731,21.6676,15.2326
2.25,11,57,7.63892,17.7853,12.6604
2.25,9,49,5.54868,15.6254,13.6552
2.25,19,132,12.2753,34.7733,24.2612
2.25,10,47,9.10098,16.0412,12.1186
2.25,7,54,6.02416,12.2232,8.46192
2.25,9,79,5.77496,15.8668,11.0239
2.25,7,65,6.59052,12.4937,8.46293
2.25,10,68,9.09199,18.9192,14.6988
2.25,8,46,7.71594,15.0282,10.012
2.25,9,43,6.98853,17.1376,13.1577
2.25,10,72,7.12817,16.4267,12.7457
2.25,11,146,6.85129,18.4501,15.313
2.25,10,113,7.38051,19.2756,15.3008
2.25,11,75,8.95345,19.6015,16.1768
2.25,14,65,7.92925,26.9471,18.6555
2.25,12,50,7.13858,21.7509,15.1641
2.25,13,60,8.5616,25.4326,19.0016
2.25,13,82,5.88214,21.9491,18.6133
2.25,10,42,6.33603,17.7798,14.1588
2.25,18,124,10.8487,31.6892,20.9538
2.25,10,65,7.755,17.6163,11.8769
2.25,10,144,7.71415,18.3922,14.8626
2.25,10,59,7.1869,17.7273,12.2465
2.25,8,44,6.30234,15.3005,10.6329
2.25,10,99,6.06558,14.7985,10.2434
2.25,8,46,8.35908,12.6769,9.19205
2.25,8,77,6.46787,14.2611,10.8738
2.25,17,104,10.4901,34.5639,23.5595
2.25,9,42,6.08857,14.9016,11.7152
2.25,10,79,8.30166,18.3581,13.2424
2.25,11,118,8.08249,17.7352,13.212
2.25,13,86,8.08174,25.0403,17.6998
2.25,8,37,4.96245,14.8574,11.503
2.25,14,111,10.2275,25.3457,17.6452
2.25,9,63,7.87696,17.9709,13.3438
2.25,9,47,7.29556,14.9024,11.1341
2.25,12,109,6.36998,22.5399,16.9231
2.25,8,56,7.71802,15.2186,9.47285
2.25,13,105,8.23584,22.0592,15.2743
2.25,9,41,5.82519,16.7518,10.2096
2.25,9,47,6.98421,16.5577,13.9346
2.25,11,77,7.67313,19.5616,16.1068
2.25,13,216,12.4535,23.6425,15.4035
2.25,9,60,5.3865,14.8937,9.84648
2.25,9,63,7.747,15.8908,11.2826
2.25,10,57,8.06707,17.075,11.4724
2.25,10,32,7.07237,16.7948,11.8382
2.25,8,110,6.01907,14.5763,10.2145
2.25,12,53,8.20378,23.1077,15.4308
2.25,8,45,5.91221,14.5407,11.6086
2.25,7,78,6.02022,12.7486,10.067
2.25,9,46,7.40901,15.9322,12.2465
2.25,9,43,7.75293,17.2944,13.1214
2.25,10,49,6.16079,17.9452,15.0979
2.25,12,68,8.44332,21.5729,14.4612
2.25,7,46,6.55107,12.5325,10.7412
2.25,10,55,6.77828,16.4512,12.5226
2.25,11,39,7.09136,19.5755,14.3017
2.25,14,46,7.43916,23.5056,17.3941
2.25,10,78,7.0235,18.4675,14.7768
2.25,12,89,7.96997,23.3214,15.5608
2.25,8,41,7.20303,13.985,10.3491
2.25,9,65,8.64663,17.2424,13.4141
2.25,12,38,7.18501,21.0808,14.6348
2.25,10,48,6.23703,17.7631,12.3028
2.25,10,49,8.57545,19.5479,13.3637
2.25,12,43,7.54209,20.3605,14.4084
2.25,14,78,7.44753,23.0926,16.4501
2.25,9,39,6.68092,15.5807,11.5249
2.25,8,28,6.68366,12.9413,8.05592
2.25,11,79,9.21701,20.7603,16.3746
2.25,11,79,8.35863,20.6173,12.8223
2.25,14,109,8.71308,25.1239,17.9351
2.25,9,127,6.86151,16.2327,12.0901
2.25,9,86,6.74744,16.8393,12.3292
2.25,9,33,5.97918,15.828,12.8493
2.25,11,63,7.82701,20.0262,15.6336
2.25,10,55,6.64996,17.9752,12.5064
2.25,10,79,6.84203,17.7136,10.7734
2.25,12,79,7.36794,23.1887,15.3858
2.25,12,112,8.6059,23.1714,13.8975
2.25,10,45,6.66392,17.5897,13.9803
2.25,9,31,7.0807,15.5688,10.5044
2.25,14,80,8.66576,25.2761,15.4538
