extend,number_of_states,RRT_execution_time,gripper_distance_cart,robot_distance_jointspace,path_exec_time
0.05,568,238,12.7622,28.2748,19.0596
0.05,388,134,8.46644,19.3217,12.9532
0.05,447,212,10.6279,22.2317,14.1243
0.05,496,189,8.97627,24.7239,18.3655
0.05,504,285,10.4617,25.1085,17.8216
0.05,269,63,8.19947,13.3286,10.3076
0.05,324,183,7.79198,16.068,10.8
0.05,619,264,10.1293,30.8455,22.5808
0.05,413,121,8.41086,20.5432,16.565
0.05,327,167,8.6568,16.2559,13.582
0.05,408,352,10.4311,20.3035,12.8787
0.05,453,187,10.0831,22.5594,16.4453
0.05,642,312,13.9427,31.9045,21.628
0.05,674,201,13.9005,33.6275,21.5382
0.05,709,276,16.5675,35.3542,24.129
0.05,617,200,13.8229,30.7449,23.894
0.05,415,165,11.5236,20.6434,15.5286
0.05,639,226,14.294,31.824,20.6626
0.05,498,189,11.9248,24.8271,17.5058
0.05,537,226,9.35642,26.6885,17.5094
0.05,606,196,10.4425,30.2082,20.6105
0.05,527,335,17.0536,26.2653,17.5939
0.05,426,127,10.9483,21.1587,15.0094
0.05,433,134,10.9542,21.5307,13.7254
0.05,514,195,11.4369,25.5649,17.0384
0.05,545,271,12.2466,27.165,22.351
0.05,508,184,10.3892,25.3036,17.4101
0.05,482,150,9.37397,23.9733,17.4853
0.05,414,130,8.80378,20.6068,16.0532
0.05,462,116,8.40901,22.9936,16.3624
0.15,183,193,13.0271,26.9746,18.9172
0.15,124,183,9.68036,18.238,13.6765
0.15,149,88,9.92611,21.8839,14.5914
0.15,116,70,8.75123,16.9891,12.7028
0.15,132,108,9.32007,19.4837,13.2883
0.15,168,139,12.0437,24.6865,17.5961
0.15,149,126,12.4858,21.9321,14.438
0.15,188,205,13.8403,27.7922,19.9334
0.15,99,110,7.06273,14.5883,11.8162
0.15,130,88,10.687,19.0963,14.4597
0.15,134,174,10.1006,19.7553,15.2624
0.15,131,136,10.1064,19.2866,12.8478
0.15,193,242,11.6229,28.4374,18.4512
0.15,122,76,9.48886,18.0916,12.0669
0.15,212,83,11.2509,31.322,18.0975
0.15,104,83,9.04648,15.2864,10.758
0.15,193,138,14.1524,28.6798,19.6854
0.15,103,68,8.72703,15.2083,10.6953
0.15,93,62,9.21073,13.5808,10.0288
0.15,197,212,15.4188,29.0019,20.429
0.15,109,89,10.8879,16.1529,10.6911
0.15,142,132,9.44077,21.0021,16.9921
0.15,135,150,10.4096,19.8909,13.2367
0.15,132,75,10.8295,19.6345,15.2065
0.15,146,115,10.6729,21.3837,16.4517
0.15,184,224,9.81029,27.1389,18.0017
0.15,123,163,8.80723,18.0388,12.579
0.15,187,113,12.1444,27.693,19.4114
0.15,104,51,7.94252,15.3866,10.5793
0.15,178,126,14.6737,26.4121,18.9911
0.25,62,72,8.80399,14.9812,11.623
0.25,96,95,12.4862,23.3278,15.7813
0.25,142,135,14.9433,35.1015,24.9596
0.25,85,102,11.3239,20.8477,12.8604
0.25,100,72,11.9085,24.2881,15.3422
0.25,68,71,8.50857,16.505,10.6667
0.25,78,93,9.48263,19.008,12.9392
0.25,102,122,12.0025,25.0199,17.6384
0.25,77,98,12.1017,18.9109,13.6963
0.25,119,92,13.6102,29.2445,21.595
0.25,91,73,11.4619,22.3956,17.3086
0.25,129,189,14.9702,31.4295,18.712
0.25,103,69,11.5082,25.1354,17.7456
0.25,100,159,11.7234,24.6619,15.5938
0.25,105,125,11.5937,25.8543,18.8663
0.25,74,66,9.02879,18.0698,11.2094
0.25,99,180,13.7939,24.1718,18.0498
0.25,109,101,10.8141,26.3289,19.481
0.25,65,83,8.66723,15.7518,10.4987
0.25,89,140,11.6596,21.6605,15.1311
0.25,124,171,12.6268,30.2313,20.2734
0.25,119,237,12.7529,29.3243,20.6971
0.25,80,78,9.15928,19.7312,13.8276
0.25,81,93,10.1973,19.8361,14.8198
0.25,73,93,9.21803,17.8709,13.0237
0.25,95,83,11.3833,23.4206,16.8163
0.25,93,73,12.8629,22.6035,15.3708
0.25,69,123,9.1723,16.9584,13.3541
0.25,67,74,9.6452,15.9712,10.3133
0.25,118,127,13.1379,28.936,19.0975
0.35,65,99,10.8184,21.7122,14.2446
0.35,77,88,10.952,26.2989,18.081
0.35,55,38,10.7864,18.8584,13.1928
0.35,77,101,13.1069,26.3862,19.0207
0.35,53,137,10.1749,18.0584,13.0506
0.35,54,83,10.0674,18.2823,13.3384
0.35,74,212,8.42923,25.2159,18.6709
0.35,73,83,10.8519,24.9095,19.364
0.35,61,72,9.82095,20.7456,14.2768
0.35,49,68,10.8478,16.5934,10.6635
0.35,62,58,9.29845,20.5231,14.7885
0.35,41,91,7.88481,13.6873,11.291
0.35,76,101,9.40955,25.8513,18.8559
0.35,63,72,10.0684,21.4584,17.7234
0.35,45,68,9.72604,15.352,12.1177
0.35,39,84,7.64525,12.8662,9.67716
0.35,67,86,10.3077,22.3093,14.2046
0.35,68,65,10.1384,23.0635,15.5129
0.35,47,50,7.99635,16.0673,11.3061
0.35,57,102,9.19414,18.9549,12.7499
0.35,49,47,7.99402,16.4724,12.665
0.35,44,77,9.26363,14.6061,10.2901
0.35,54,67,9.97532,18.3264,12.8895
0.35,75,93,11.6272,25.6451,16.6757
0.35,54,90,9.35013,17.943,12.4999
0.35,52,94,13.4744,17.6328,13.4623
0.35,69,92,11.9441,23.4614,18.539
0.35,45,68,8.24838,15.1395,12.0236
0.35,55,70,7.54906,18.5116,13.5536
0.35,58,150,8.73476,19.2832,14.2253
0.45,43,104,10.0468,18.692,12.1074
0.45,38,34,7.15099,16.1035,10.2287
0.45,53,51,9.08039,22.7673,15.3589
0.45,51,83,9.77209,21.8628,16.8678
0.45,26,47,7.43282,10.8134,7.4511
0.45,39,40,8.22429,17.0054,11.9752
0.45,41,101,9.39101,17.7305,12.5604
0.45,54,69,9.12484,23.3408,16.787
0.45,42,54,9.39843,18.3615,13.9384
0.45,43,66,9.11405,18.2595,13.243
0.45,43,58,8.66809,18.1743,12.953
0.45,28,47,7.1731,11.7087,9.09891
0.45,41,73,7.67261,17.8249,14.4667
0.45,49,47,9.83554,21.0379,15.7605
0.45,62,132,12.7566,26.9829,17.6377
0.45,44,85,8.60566,18.8406,14.4683
0.45,53,119,8.95966,22.9446,18.1978
0.45,38,53,9.38363,15.87,11.0252
0.45,50,112,10.1778,21.2427,14.4243
0.45,51,69,11.879,21.8907,14.8148
0.45,37,41,7.63393,15.323,11.6003
0.45,50,88,13.0434,21.5901,16.3689
0.45,46,124,9.27163,19.9136,13.7195
0.45,54,125,11.9849,23.3613,15.4555
0.45,38,42,8.26333,16.4265,11.459
0.45,27,38,7.68162,11.5022,7.58362
0.45,52,85,8.89531,22.6651,16.1519
0.45,41,45,8.96383,17.5413,10.9574
0.45,47,106,8.48506,19.9754,14.7692
0.45,72,169,13.2692,31.5464,21.132
0.55,35,95,9.99126,18.1348,11.1023
0.55,30,38,7.8644,15.3138,11.0302
0.55,35,148,7.20869,17.6699,13.6589
0.55,49,92,9.99703,25.4649,16.5973
0.55,48,62,9.04826,24.8537,17.836
0.55,42,83,10.5655,22.4017,13.8509
0.55,52,104,10.6172,27.1774,19.7913
0.55,59,69,10.3712,30.3124,23.0009
0.55,38,86,10.4057,20.0733,14.4832
0.55,59,124,10.9828,31.2519,19.745
0.55,33,34,8.05874,16.2948,12.4088
0.55,40,77,9.08875,21.0157,12.9137
0.55,52,133,9.75663,27.3613,17.8271
0.55,33,117,9.49515,17.2285,11.5407
0.55,36,86,8.90249,18.742,13.8134
0.55,35,54,11.8962,18.6212,13.1056
0.55,43,76,9.87348,22.9589,15.4563
0.55,54,129,10.8716,28.4479,21.587
0.55,41,74,10.0591,21.6109,15.8146
0.55,45,71,12.0098,23.0141,19.3348
0.55,37,92,10.2686,19.7748,13.1536
0.55,57,64,14.5652,29.9647,20.2158
0.55,26,34,9.44423,13.2827,9.77054
0.55,41,110,8.4238,21.0353,14.9109
0.55,33,86,10.364,17.1184,11.7597
0.55,50,111,12.6393,26.2379,19.2315
0.55,35,47,8.38929,18.5608,13.9066
0.55,37,83,7.94745,18.8674,12.8603
0.55,38,50,7.58678,19.7416,15.4918
0.55,57,103,13.3156,29.7417,20.731
0.65,31,112,11.7328,18.3118,12.1542
0.65,35,59,11.0383,21.3727,13.0021
0.65,34,128,9.81888,20.5651,15.8961
0.65,40,67,9.25943,24.2648,17.3243
0.65,32,67,10.1466,19.5539,13.6469
0.65,32,71,10.4894,19.756,14.3081
0.65,36,71,10.602,22.4364,13.6939
0.65,39,62,9.28564,24.0849,17.9051
0.65,25,72,9.4677,15.1868,12.1535
0.65,19,83,7.84132,11.6018,7.52743
0.65,47,55,9.97304,28.6681,20.5683
0.65,37,150,13.7153,22.4578,15.456
0.65,39,97,10.8785,23.4211,14.1982
0.65,30,101,10.073,18.3692,12.6077
0.65,29,118,10.3658,17.9444,11.078
0.65,36,73,11.9738,22.2037,16.3594
0.65,25,36,8.50706,15.0896,11.0944
0.65,32,99,9.08046,18.882,15.2322
0.65,25,108,11.5088,15.4759,11.3768
0.65,34,98,8.04966,20.5651,14.5643
0.65,34,88,11.0256,20.8299,13.126
0.65,29,86,8.10785,17.8164,13.5471
0.65,25,84,8.19198,15.3452,11.4027
0.65,28,101,7.81079,17.1307,12.1142
0.65,26,35,7.02406,15.7983,12.7912
0.65,29,110,8.45933,17.4001,11.1035
0.65,26,62,7.93521,16.1199,12.6247
0.65,41,93,12.6657,24.8498,16.3226
0.65,37,142,10.2674,22.6036,12.6894
0.65,26,63,10.8966,15.7569,10.8083
0.75,27,56,9.04114,18.2909,13.4206
0.75,28,145,9.35556,19.575,14.4006
0.75,33,139,9.74904,22.9993,18.1348
0.75,25,77,7.50924,17.0973,12.3165
0.75,19,38,7.6663,13.182,8.62771
0.75,26,80,8.94865,17.9313,13.4549
0.75,36,136,10.3116,24.2966,17.2928
0.75,22,61,7.64907,15.2377,10.7557
0.75,30,44,8.81149,21.5658,16.1162
0.75,24,154,9.48037,16.6865,12.6183
0.75,20,41,6.72866,13.4161,9.58632
0.75,27,56,9.42816,19.3695,14.3847
0.75,37,85,11.1775,26.2248,18.7719
0.75,36,102,12.1045,24.3338,15.4787
0.75,26,52,8.77246,17.7872,13.7004
0.75,34,98,11.464,23.9139,16.5929
0.75,22,50,7.52377,14.6955,10.7535
0.75,37,116,10.8176,25.9117,16.8554
0.75,28,83,8.72211,19.8757,13.8498
0.75,44,79,11.3073,30.4377,21.7609
0.75,18,47,7.29584,12.3442,10.0737
0.75,17,66,6.46054,11.6292,7.85314
0.75,21,38,7.49092,13.9178,9.80301
0.75,27,106,11.3205,18.6942,13.5716
0.75,39,168,17.2977,26.9689,17.7043
0.75,26,66,9.28121,18.1865,12.2073
0.75,25,50,7.49585,17.0923,13.4432
0.75,27,148,10.1025,17.3962,11.5632
0.75,28,65,8.05695,19.1449,13.3014
0.75,23,48,6.80423,15.057,10.7597
0.85,17,30,8.74216,12.6206,9.34649
0.85,19,44,8.35999,13.9593,8.9892
0.85,31,81,9.7757,24.0538,16.0303
0.85,21,98,7.85938,16.1057,11.2197
0.85,30,42,11.659,22.6171,16.114
0.85,29,79,10.0146,23.0474,16.4854
0.85,21,30,7.2013,15.6919,10.6638
0.85,29,97,10.0993,23.0396,13.9021
0.85,20,35,8.77877,15.6132,12.1477
0.85,27,48,8.80789,21.7757,14.2819
0.85,27,88,7.91016,21.0649,13.9927
0.85,21,81,9.19625,16.5009,9.96718
0.85,19,40,6.80344,14.528,11.3281
0.85,24,40,5.45341,18.864,15.2684
0.85,29,65,11.729,23.4588,19.2386
0.85,27,38,8.99384,20.4527,14.055
0.85,22,55,9.46199,17.1143,12.6497
0.85,22,91,8.17619,17.3789,12.7256
0.85,22,56,9.51123,17.8496,12.5339
0.85,20,43,9.02782,15.8774,12.1825
0.85,22,44,9.55828,16.511,13.2949
0.85,24,52,8.65615,18.263,11.6845
0.85,25,115,10.3058,19.587,12.9656
0.85,22,41,8.32104,17.387,13.6871
0.85,31,63,10.6822,24.5754,18.1146
0.85,35,90,9.89556,27.8159,18.5322
0.85,21,43,7.85871,16.9101,12.2586
0.85,18,44,8.23989,13.8194,9.94228
0.85,29,174,9.10588,22.9526,15.03
0.85,17,95,9.02195,13.2574,9.92689
0.95,20,100,10.1301,17.5099,11.617
0.95,17,30,8.54402,14.3992,11.3204
0.95,14,27,7.24352,11.6999,9.0634
0.95,17,66,7.55593,14.468,10.7787
0.95,22,56,7.76917,18.6814,15.0837
0.95,19,53,9.93358,16.2302,12.2063
0.95,33,70,13.3818,29.2817,21.1282
0.95,28,68,11.4713,24.1967,16.1174
0.95,17,60,7.75718,14.7063,10.9892
0.95,16,37,7.12661,13.3845,9.8077
0.95,25,51,8.21629,21.5346,17.399
0.95,26,51,9.33839,21.9207,12.8212
0.95,14,31,7.68916,12.315,9.52333
0.95,32,72,11.7474,27.747,16.2746
0.95,22,115,9.55517,19.8842,14.1922
0.95,18,56,6.39804,15.0548,9.81721
0.95,20,78,8.99534,17.1279,12.1943
0.95,28,60,9.23402,24.3391,16.4543
0.95,18,66,8.10957,15.3667,11.2527
0.95,23,62,7.0982,19.2185,15.4413
0.95,21,42,8.96941,18.8128,12.3256
0.95,20,91,9.76948,16.9067,13.5859
0.95,14,56,8.03895,11.9245,9.22931
0.95,17,64,7.52051,14.4707,11.143
0.95,21,94,10.6166,18.2341,12.0305
0.95,17,46,7.98307,14.4062,10.4631
0.95,22,93,6.66785,19.0716,12.6168
0.95,27,60,14.4291,24.3073,15.6666
0.95,20,33,7.07677,16.9569,13.3897
0.95,24,111,8.67185,19.7207,13.5658
1.05,20,44,9.78634,18.7118,13.122
1.05,19,68,10.5515,17.3994,12.4746
1.05,22,55,7.18518,20.467,16.1702
1.05,14,43,8.2294,13.5798,10.6844
1.05,19,39,10.2507,17.8343,12.2131
1.05,19,42,7.65169,17.129,14.6144
1.05,16,35,7.55669,15.6209,10.3957
1.05,15,46,7.33588,14.392,10.9896
1.05,22,74,10.7172,20.0147,13.9152
1.05,25,78,9.09804,24.4232,16.205
1.05,26,99,9.08616,24.49,16.0027
1.05,14,44,7.0195,13.3762,10.0004
1.05,16,44,7.59772,14.3162,9.78688
1.05,21,86,9.73477,20.3582,15.7084
1.05,21,84,9.77821,20.0218,15.6564
1.05,25,62,11.1877,23.9175,19.6239
1.05,16,50,6.47722,13.9257,10.4368
1.05,19,277,7.17884,17.597,13.0216
1.05,20,59,7.79801,18.7037,14.6941
1.05,24,48,9.6387,22.5347,16.3941
1.05,29,52,9.80706,27.7057,19.7408
1.05,20,53,11.5485,17.8591,13.232
1.05,23,95,11.2217,22.0035,15.9205
1.05,26,77,12.2539,24.7552,16.5933
1.05,24,143,12.5377,22.9077,17.3184
1.05,23,51,8.04074,21.6869,17.8395
1.05,14,41,8.4437,13.5701,9.16989
1.05,30,163,13.2166,28.6573,19.6212
1.05,29,139,10.7487,28.5878,20.9029
1.05,18,100,9.2532,16.261,11.6524
1.15,23,144,11.5101,24.2597,15.878
1.15,19,60,8.43535,18.7894,14.1097
1.15,26,70,10.7061,27.3777,19.8921
1.15,27,80,8.51267,28.5493,20.4285
1.15,26,86,10.6491,26.7138,19.7049
1.15,20,35,8.96678,20.5676,14.5186
1.15,15,31,8.46789,15.2619,10.7445
1.15,18,84,8.75941,17.7137,12.7887
1.15,19,53,8.81054,18.8762,14.6034
1.15,27,49,11.1426,28.0985,19.2659
1.15,26,79,11.4415,28.5154,19.6112
1.15,14,35,6.49602,14.4252,10.9759
1.15,25,88,15.3494,26.9871,17.8964
1.15,22,51,7.83371,23.1922,15.1128
1.15,23,107,11.1558,24.2276,17.143
1.15,24,77,9.29679,25.4893,18.0603
1.15,20,72,9.53456,19.8274,13.8122
1.15,22,97,8.76204,22.8554,18.8583
1.15,29,57,9.61415,31.1268,22.9183
1.15,20,58,9.41717,20.7796,15.0525
1.15,15,68,10.8374,14.6483,9.78783
1.15,15,63,7.83978,14.2698,11.2444
1.15,20,71,9.49359,21.134,13.8017
1.15,15,37,8.9314,15.4277,13.2032
1.15,22,45,10.1631,22.401,17.75
1.15,14,38,7.37445,14.6181,11.1387
1.15,26,75,12.5721,26.7632,16.9233
1.15,26,94,11.6392,27.3984,17.9884
1.15,14,36,7.73733,13.8022,10.4359
1.15,17,47,7.51386,17.1307,13.6612
1.25,27,109,12.9854,29.819,21.7109
1.25,21,106,9.86377,23.7226,15.272
1.25,20,77,10.0967,22.6581,15.8417
1.25,16,50,7.61248,17.5913,13.0456
1.25,12,32,6.50024,13.016,11.4688
1.25,15,59,7.01555,16.5153,13.2465
1.25,19,86,11.4201,21.3422,15.151
1.25,13,32,9.21356,14.752,10.3981
1.25,11,52,7.71223,12.3999,9.3559
1.25,26,121,11.8183,28.7302,21.2756
1.25,11,35,7.25029,12.4641,9.72752
1.25,13,49,8.58122,14.0647,11.7812
1.25,17,51,10.3609,18.4386,14.1464
1.25,21,74,9.41104,22.3822,18.1496
1.25,15,60,7.10794,15.9461,11.1999
1.25,14,50,7.8286,14.7361,11.6854
1.25,15,35,8.05526,17.2881,12.1236
1.25,23,75,9.36203,26.3429,20.7635
1.25,22,116,10.3198,25.0248,18.747
1.25,15,47,7.82391,15.8105,10.6565
1.25,10,31,7.2142,10.9891,7.93971
1.25,12,31,7.9018,12.8226,9.40521
1.25,17,88,9.8423,19.7465,14.8095
1.25,19,36,8.23837,20.5968,15.4132
1.25,14,43,8.36102,15.1094,11.2896
1.25,16,58,8.67931,17.7883,12.3787
1.25,12,74,4.96373,13.4959,11.0731
1.25,12,27,7.57838,12.5299,9.05964
1.25,16,46,9.4973,18.0904,13.0702
1.25,23,50,8.504,24.8373,17.3806
1.35,14,51,7.52224,16.3687,11.8594
1.35,20,78,10.5473,23.8599,15.1722
1.35,20,47,7.36839,23.8,17.2205
1.35,24,101,10.173,29.1836,23.2697
1.35,12,70,7.22403,14.0516,10.403
1.35,13,62,9.39312,14.9745,12.7294
1.35,18,98,8.63799,21.3681,17.1083
1.35,22,112,10.9762,26.8958,17.9599
1.35,15,90,6.61826,17.5509,12.9934
1.35,18,62,11.3052,20.7193,13.005
1.35,10,56,6.0863,10.7813,7.209
1.35,18,51,7.78535,20.9794,12.7451
1.35,17,49,8.98091,19.6206,13.4296
1.35,25,63,8.65562,30.9419,20.4402
1.35,16,46,9.17532,17.8755,12.3468
1.35,15,66,6.7543,17.4823,13.8756
1.35,16,64,7.21506,18.0154,12.7985
1.35,13,42,9.0233,14.7538,11.0931
1.35,25,79,10.3999,29.68,21.4404
1.35,25,80,10.1114,31.0243,19.1656
1.35,18,63,7.04642,21.8818,14.0895
1.35,17,40,9.05045,19.7299,14.4723
1.35,13,70,6.89234,14.8474,10.6354
1.35,18,61,8.13924,21.495,17.0801
1.35,13,49,6.13105,14.9908,10.0346
1.35,14,48,7.07378,16.073,13.497
1.35,18,53,7.08408,21.8773,16.7719
1.35,11,36,6.87229,12.9242,9.57377
1.35,27,107,11.7592,32.197,23.6311
1.35,16,44,10.0627,19.3726,12.7913
1.45,14,78,7.21648,16.6833,12.3128
1.45,19,50,9.29517,25.2378,17.3957
1.45,15,93,8.16617,18.8783,16.5475
1.45,12,59,9.09778,14.7154,10.5481
1.45,22,130,13.3627,27.0591,18.7253
1.45,12,68,6.92124,14.6043,11.5222
1.45,19,73,8.35701,23.8986,16.8444
1.45,12,35,7.35353,13.7589,10.6848
1.45,12,86,7.81482,14.6325,10.1911
1.45,13,42,6.37562,15.1178,11.3141
1.45,17,83,11.5996,21.4994,15.0154
1.45,14,49,6.12925,16.8283,11.6006
1.45,12,30,8.03886,14.7398,11.7661
1.45,12,36,7.24888,14.7089,10.5411
1.45,10,64,5.8237,12.6724,10.1771
1.45,16,53,9.4223,20.2836,15.0518
1.45,12,70,11.0408,15.6566,11.6918
1.45,14,43,8.33067,18.608,14.5607
1.45,12,75,6.98158,14.1598,10.7162
1.45,12,33,6.26519,14.7014,11.6045
1.45,11,111,6.19963,14.1499,12.0566
1.45,12,98,7.77087,13.322,9.70941
1.45,14,40,7.80489,16.8699,12.0896
1.45,25,127,12.3419,31.8726,21.5425
1.45,22,173,10.631,26.1105,17.4908
1.45,10,34,6.54223,11.676,9.06335
1.45,16,121,14.0565,20.8797,15.053
1.45,17,75,8.38565,21.8709,16.1389
1.45,20,123,13.7083,25.3644,17.2713
1.45,12,58,11.7966,15.4058,10.2086
1.55,12,60,5.36747,14.3133,11.2491
1.55,16,60,9.61149,20.8198,15.7085
1.55,9,48,6.8323,11.9774,9.51123
1.55,16,63,8.23201,22.1187,14.876
1.55,9,48,6.71015,11.7538,8.87449
1.55,13,53,6.79359,17.3736,12.7143
1.55,16,63,12.9019,21.5611,16.7659
1.55,13,41,7.81615,16.7227,12.789
1.55,12,38,7.33082,15.1948,10.0968
1.55,12,36,7.21351,16.7274,12.2056
1.55,17,42,6.77111,22.5396,17.9072
1.55,19,95,9.92745,25.5218,18.2582
1.55,15,45,9.42934,20.4738,13.6199
1.55,14,46,8.75097,19.0005,11.3846
1.55,13,72,8.83616,16.0067,11.846
1.55,16,40,9.53668,22.8935,17.2016
1.55,17,49,9.35726,24.6968,18.6359
1.55,9,27,6.36161,12.2764,8.31018
1.55,18,100,10.2329,24.2741,17.4484
1.55,14,118,7.22577,19.2604,13.9803
1.55,15,62,8.88426,21.1559,16.4403
1.55,13,64,9.10564,17.2128,12.1241
1.55,11,121,8.21172,14.6777,10.7452
1.55,15,161,10.9303,20.3801,15.5707
1.55,13,72,7.72567,16.9044,14.5738
1.55,15,61,6.75997,20.5017,13.3876
1.55,14,55,9.4562,19.604,12.9368
1.55,19,69,13.9519,26.3898,16.7044
1.55,13,46,7.11663,16.5348,11.5531
1.55,13,68,8.68323,17.5055,12.7804
1.65,8,35,6.69029,10.9518,6.95645
1.65,12,57,6.25052,17.2992,11.6246
1.65,14,89,8.34717,21.3008,15.2335
1.65,12,58,5.92414,17.3356,12.3264
1.65,14,46,7.32148,18.9584,13.7263
1.65,13,49,7.62658,17.5633,12.3618
1.65,19,96,10.0922,26.4554,16.9108
1.65,13,40,9.42506,18.7688,12.5767
1.65,10,51,6.0653,13.2765,9.52552
1.65,12,44,6.83053,15.7741,10.867
1.65,11,45,6.04341,15.7848,10.2751
1.65,15,78,9.37817,21.5685,15.2695
1.65,16,65,11.878,21.9693,16.361
1.65,22,103,11.8053,31.3707,22.027
1.65,12,35,8.74661,16.5109,12.3042
1.65,10,48,6.62064,13.7982,9.16019
1.65,16,49,9.06852,21.2395,16.2933
1.65,10,89,7.93825,13.6745,11.227
1.65,12,75,7.26173,15.2419,12.7346
1.65,16,46,7.78271,22.0388,15.7667
1.65,13,43,9.13579,18.1629,14.9957
1.65,15,108,9.64149,21.4254,16.8562
1.65,13,57,7.48682,16.8049,13.0862
1.65,19,101,12.811,28.1482,20.1149
1.65,14,63,9.86597,20.1052,15.455
1.65,13,70,7.33824,17.4666,12.5676
1.65,10,33,6.13915,12.7512,8.67775
1.65,13,120,8.91082,18.7753,13.2503
1.65,17,78,9.89369,22.7539,15.3495
1.65,10,50,7.72901,14.6907,9.29585
1.75,11,51,6.45024,15.4693,10.3382
1.75,12,78,8.80649,18.5508,13.0512
1.75,19,73,9.15256,28.4853,22.4474
1.75,12,57,8.05037,18.322,14.3248
1.75,10,43,6.0645,14.5861,11.5761
1.75,11,35,7.68872,16.1617,11.9409
1.75,10,73,10.3799,15.1738,10.7698
1.75,16,44,9.28751,24.2581,18.2254
1.75,9,72,8.30059,12.9408,9.44512
1.75,15,64,6.74595,20.4283,13.1638
1.75,10,42,7.76756,14.8712,12.5546
1.75,17,82,11.3096,26.3414,18.0389
1.75,12,74,10.0236,17.575,12.298
1.75,12,127,9.35035,17.1311,11.4109
1.75,17,91,13.6826,25.2911,15.0833
1.75,9,32,6.59218,13.4529,11.4716
1.75,11,41,7.1504,14.4926,10.3829
1.75,14,123,9.56499,21.2603,15.5466
1.75,12,86,7.42313,17.5238,12.9129
1.75,9,28,8.0913,12.7819,8.88626
1.75,15,55,7.47027,23.8031,16.3643
1.75,12,52,5.30621,16.8182,13.1176
1.75,10,71,5.79847,14.851,12.7948
1.75,9,29,7.30787,13.197,9.28039
1.75,14,51,6.96657,20.5449,12.7368
1.75,11,52,7.84506,16.009,11.1142
1.75,15,107,10.5352,23.8883,16.8792
1.75,15,81,8.71952,23.7493,17.8602
1.75,10,35,7.70779,15.6951,12.0024
1.75,12,46,7.96002,18.2218,13.2404
1.85,13,50,6.3058,19.2638,13.7311
1.85,14,58,8.87883,21.8743,15.474
1.85,11,60,6.58252,18.0957,15.5836
1.85,10,48,6.3385,16.1429,12.4872
1.85,15,95,9.22427,23.8595,16.7376
1.85,11,41,9.44894,17.2226,12.2199
1.85,10,55,6.81281,15.0292,10.8981
1.85,15,70,7.69731,22.6532,13.6566
1.85,16,110,10.3057,24.1486,16.3484
1.85,9,56,5.49379,13.3702,10.0008
1.85,12,50,7.22142,18.3115,13.2356
1.85,22,93,13.5252,34.5351,20.8448
1.85,13,35,8.44971,19.3944,14.9271
1.85,13,169,8.58022,21.8907,14.1997
1.85,11,92,8.74332,17.4983,12.2045
1.85,11,49,7.30034,17.2468,13.3584
1.85,12,38,5.78489,17.6267,13.6538
1.85,17,62,8.45652,27.8291,16.6313
1.85,16,72,11.8705,23.7032,16.692
1.85,15,93,7.97098,23.8984,19.7147
1.85,12,28,7.57805,17.6933,13.2924
1.85,16,64,8.18415,24.844,16.9672
1.85,16,41,9.34587,24.753,18.7158
1.85,10,53,7.32619,15.2179,9.64065
1.85,14,55,9.38879,21.7405,16.9726
1.85,11,56,6.18974,16.7171,12.822
1.85,11,61,6.46305,16.7595,12.5664
1.85,9,97,8.26526,13.5536,9.70247
1.85,14,116,11.5385,21.3248,15.6848
1.85,9,34,5.23117,13.932,11.4084
1.95,11,89,7.97587,16.7284,12.9854
1.95,10,32,5.90537,14.2915,11.0377
1.95,13,156,7.67394,21.4581,14.2715
1.95,10,46,6.9025,16.2368,11.5494
1.95,12,68,7.06063,20.5603,15.2199
1.95,12,61,6.77561,19.5526,12.1379
1.95,7,41,6.70207,11.4426,8.21249
1.95,18,116,9.03943,28.4235,21.6661
1.95,17,97,10.7609,25.3886,17.8464
1.95,10,43,6.50538,14.6882,9.28503
1.95,8,25,5.95242,11.3747,8.33641
1.95,9,46,6.0491,14.2717,10.6612
1.95,12,142,7.42995,18.8053,13.5588
1.95,16,68,9.21699,25.6544,18.0212
1.95,13,49,8.45301,21.3862,14.2944
1.95,20,115,12.5634,30.992,22.939
1.95,12,51,6.49495,19.7264,15.0785
1.95,13,41,7.66593,18.5139,12.7941
1.95,12,69,8.42496,20.5334,12.7851
1.95,12,61,7.02081,21.2343,15.2672
1.95,9,60,6.19342,14.2501,11.964
1.95,16,85,11.9122,26.2307,18.178
1.95,14,87,10.2052,24.6808,16.2852
1.95,10,51,6.7175,15.7539,10.8521
1.95,9,57,5.73282,15.3372,12.5175
1.95,9,41,6.50419,14.1665,9.58158
1.95,14,88,8.50865,21.0763,15.6353
1.95,12,57,7.45908,18.8335,13.3657
1.95,8,27,6.74941,11.9905,9.81578
1.95,9,34,6.29733,15.1681,10.052
2.05,13,41,9.19667,22.3016,17.2637
2.05,11,49,6.52534,18.6054,14.0127
2.05,11,113,8.57358,17.987,12.7972
2.05,12,53,7.65031,20.663,15.4938
2.05,9,55,8.35001,15.4641,11.2906
2.05,13,76,7.61944,21.4485,16.2267
2.05,12,54,9.17348,20.9343,17.4429
2.05,8,37,6.28092,13.1709,10.2437
2.05,10,85,7.10313,17.6179,13.2818
2.05,12,97,11.3065,21.2043,13.7361
2.05,11,45,7.42302,16.9583,12.0756
2.05,9,55,5.41633,12.4972,10.3662
2.05,12,36,6.48314,20.674,16.3924
2.05,15,178,11.8808,26.2351,20.2714
2.05,14,167,8.78261,23.8741,16.2642
2.05,7,34,5.89234,11.3031,7.85098
2.05,12,66,7.67806,21.0394,14.2493
2.05,10,51,5.97022,15.2783,12.6359
2.05,14,113,11.1621,25.6884,18.0508
2.05,8,82,5.43888,14.1612,11.7779
2.05,13,36,10.1676,21.8157,16.7977
2.05,12,109,8.95737,20.6811,14.1399
2.05,13,77,6.98851,20.3459,13.5311
2.05,9,87,6.93355,15.5322,11.831
2.05,11,54,8.51168,17.1322,11.9464
2.05,12,65,11.1293,20.3368,15.0018
2.05,10,25,5.77253,15.4858,11.2276
2.05,16,69,9.74391,26.646,18.8137
2.05,10,52,7.49617,16.8788,11.6394
2.05,9,29,6.14098,13.4582,10.007
2.15,11,68,7.6649,18.9196,13.9721
2.15,9,28,5.75931,15.343,13.5294
2.15,10,47,5.99495,18.0311,12.504
2.15,12,44,7.62948,19.982,17.4871
2.15,12,44,8.65794,22.6378,17.4859
2.15,7,23,5.79377,11.8908,9.29824
2.15,12,41,8.49575,21.3925,14.9745
2.15,14,47,7.01845,25.5809,16.7444
2.15,10,45,6.08142,18.5678,14.177
2.15,10,112,6.86472,16.5559,13.9926
2.15,7,53,6.99641,12.779,8.57002
2.15,11,100,8.59104,19.7452,16.3671
2.15,8,34,6.31056,12.9671,8.95669
2.15,12,65,6.8883,20.587,15.1943
2.15,7,28,5.96627,11.948,10.3103
2.15,9,50,7.03767,15.8566,11.2484
2.15,7,46,5.90579,10.6841,7.31068
2.15,12,102,8.20638,21.9319,15.6377
2.15,11,51,8.21403,20.8263,13.6275
2.15,8,45,6.30353,13.0069,10.3427
2.15,12,96,10.7561,22.0121,14.0713
2.15,13,68,9.81068,25.345,16.3591
2.15,9,98,5.63084,14.7932,13.2598
2.15,10,56,6.04212,16.4206,12.9456
2.15,14,59,9.4675,23.2007,16.2013
2.15,13,62,8.34081,24.067,18.9099
2.15,13,122,9.53825,22.0432,15.1594
2.15,8,39,4.4778,13.5015,9.75146
2.15,9,47,6.58206,15.6109,11.3058
2.15,8,33,5.21172,13.9318,11.4462
2.25,8,60,6.26675,15.2423,10.0328
2.25,9,32,5.64323,15.2294,11.6057
2.25,12,109,8.33436,20.4995,14.8201
2.25,9,59,6.53256,16.7057,13.5421
2.25,14,46,9.10171,25.6508,20.5465
2.25,11,56,10.0744,20.1697,15.6311
2.25,13,133,7.11068,25.4924,15.8732
2.25,13,78,7.96901,23.9545,17.8349
2.25,13,100,10.6045,23.7606,17.8761
2.25,8,56,5.94372,15.2477,10.9423
2.25,15,79,11.3629,27.9216,17.3455
2.25,13,83,6.09952,22.0695,13.0213
2.25,8,69,5.87971,13.9469,9.77886
2.25,10,73,7.41105,17.4462,11.9544
2.25,10,88,7.3989,17.9288,13.9643
2.25,12,65,8.25886,21.5317,16.2434
2.25,8,33,5.41273,12.8937,9.73111
2.25,11,69,7.93381,20.311,13.8165
2.25,8,62,5.65484,12.7489,9.51543
2.25,8,74,6.80478,14.3511,10.298
2.25,12,74,9.62398,20.9426,16.8362
2.25,13,121,8.76498,24.1529,18.1232
2.25,9,36,7.87168,16.2032,12.4944
2.25,7,47,6.35804,13.4834,10.6826
2.25,9,56,8.29392,16.7579,10.2573
2.25,13,42,7.54802,24.2231,17.0325
2.25,10,33,6.26812,16.9757,13.9185
2.25,10,38,6.56677,18.7079,12.7189
2.25,10,39,7.98723,16.7147,13.2725
2.25,9,112,7.19806,16.6732,10.8155
2.35,10,78,9.08658,17.6398,13.6226
2.35,9,52,6.95523,18.4704,12.9441
2.35,7,27,6.57032,12.011,8.6665
2.35,7,27,5.48127,12.9416,9.03639
2.35,11,62,6.96058,21.1208,17.1371
2.35,8,56,5.78716,14.5248,11.6453
2.35,11,80,7.4888,23.2138,15.923
2.35,7,56,5.17027,12.7474,9.95703
2.35,7,25,5.38408,11.9892,8.45921
2.35,9,57,6.97829,16.8317,12.4619
2.35,11,90,9.31359,21.4334,14.3053
2.35,6,35,6.22684,10.4822,8.55112
2.35,10,65,9.60024,17.9217,12.2937
2.35,6,27,5.49766,11.597,8.01465
2.35,14,60,10.4688,28.6962,17.9898
2.35,7,40,6.20887,13.145,9.30109
2.35,11,55,8.28792,19.1382,14.7884
2.35,13,113,8.05042,23.7385,17.4935
2.35,9,55,6.98524,16.7171,10.2631
2.35,8,100,6.54549,14.2868,9.61098
2.35,9,49,6.68778,17.2698,12.665
2.35,10,69,7.28185,17.7325,12.6351
2.35,8,30,6.49543,13.221,9.56353
2.35,12,69,10.3455,22.9471,17.4763
2.35,10,73,7.65533,18.8961,16.231
2.35,9,64,6.73158,16.1288,12.5659
2.35,8,60,6.44097,15.3316,10.8188
2.35,10,82,8.31988,18.8781,14.616
2.35,10,67,7.59195,18.8665,14.3469
2.35,8,44,6.61805,15.9776,10.7258
2.45,9,51,10.1282,17.5541,12.86
2.45,11,44,7.45979,20.1912,13.2574
2.45,6,30,4.96536,10.0811,6.8582
2.45,12,73,9.59531,23.8287,14.9652
2.45,8,73,9.19637,16.4012,11.1848
2.45,12,61,8.27758,24.3241,18.7895
2.45,10,48,7.53661,18.9531,14.2016
2.45,10,43,6.14204,17.7421,14.0764
2.45,7,31,7.10937,13.5384,10.4592
2.45,10,67,6.65278,19.6252,13.1093
2.45,9,110,7.33675,17.266,12.2811
2.45,14,53,7.38107,26.768,21.7988
2.45,7,67,5.98599,13.0471,9.27482
2.45,7,35,6.44682,13.4962,9.79772
2.45,8,53,4.79824,13.8767,11.4718
2.45,10,133,7.64405,19.8692,12.6496
2.45,7,33,6.32341,12.5156,8.10646
2.45,11,98,10.8652,19.7531,12.335
2.45,7,54,6.09439,14.0877,10.3927
2.45,10,46,8.2374,20.9585,13.9085
2.45,6,34,5.11146,12.0335,10.3215
2.45,11,61,9.19832,23.0781,17.1012
2.45,7,25,5.18148,12.3587,9.25673
2.45,8,39,5.82358,14.6001,10.5098
2.45,9,37,7.59074,16.8886,14.4405
2.45,11,47,7.13794,21.8698,15.8621
2.45,9,70,5.65787,15.69,11.2862
2.45,8,75,5.2562,12.7113,8.99213
2.45,8,114,6.02302,16.6577,13.9457
2.45,7,41,5.11625,13.5938,11.0542
2.55,7,35,6.89684,13.7884,10.6016
2.55,14,77,9.83951,27.2526,19.3446
2.55,8,38,7.18789,15.1935,10.2079
2.55,8,76,7.42957,16.2446,12.8465
2.55,7,36,5.76936,14.7858,12.8402
2.55,7,22,5.33637,11.6719,8.34619
2.55,8,39,6.10921,15.7551,11.2051
2.55,11,66,8.42006,23.5622,20.6147
2.55,9,39,6.18412,18.0598,13.5655
2.55,13,90,8.32229,26.1944,16.6823
2.55,8,59,7.00101,15.8863,11.7368
2.55,9,36,6.21543,16.0472,12.4188
2.55,8,74,5.6398,16.2875,11.9263
2.55,11,145,7.25268,23.0897,17.7151
2.55,10,77,6.60158,18.5534,13.0656
2.55,7,48,6.28467,15.0158,11.3513
2.55,10,46,4.44162,18.9114,14.924
2.55,8,38,5.60992,16.2027,13.0783
2.55,7,31,5.58477,14.1858,10.9486
2.55,9,34,6.49308,19.1835,14.0675
2.55,7,40,5.84812,13.849,11.4055
2.55,9,91,7.02921,18.6906,14.4705
2.55,6,32,5.94514,11.5411,9.21499
2.55,8,33,6.22818,13.4256,9.06247
2.55,7,69,6.38057,13.8433,10.3667
2.55,9,55,5.63155,18.5706,15.1582
2.55,8,44,7.03061,17.8139,12.8771
2.55,16,177,10.4395,33.8515,23.2157
2.55,10,37,6.4898,18.5161,15.4073
2.55,12,103,8.74567,24.7354,17.5318
2.65,7,37,6.13445,13.9085,11.3627
2.65,8,45,5.12335,13.4753,10.0553
2.65,8,70,4.47237,13.9161,11.8645
2.65,7,57,5.23791,13.6969,10.7372
2.65,10,57,9.4081,19.7535,14.3754
2.65,9,70,6.34503,18.8432,13.6058
2.65,8,43,6.65945,17.6713,13.6281
2.65,8,63,6.47127,16.2717,13.3579
2.65,7,37,6.87009,13.6727,10.2709
2.65,8,55,6.496,16.2713,13.6471
2.65,9,52,6.87664,18.0416,13.4496
2.65,10,84,6.89805,21.5559,16.064
2.65,9,42,6.21387,16.768,13.9198
2.65,12,65,7.06646,27.2169,19.5409
2.65,9,44,5.75888,20.1589,15.443
2.65,7,42,4.78589,14.6637,10.988
2.65,9,77,8.32664,19.1791,14.6901
2.65,9,45,5.80502,17.8357,13.0145
2.65,7,60,5.34456,15.0657,11.5816
2.65,8,47,6.6357,16.1293,12.4942
2.65,9,70,6.80155,18.8106,15.8115
2.65,8,89,5.62412,15.3522,11.2473
2.65,9,48,6.89327,18.0333,13.1323
2.65,11,115,6.84756,23.7207,16.175
2.65,9,36,6.91288,19.6584,14.7621
2.65,10,37,6.72616,19.6369,15.3915
2.65,7,26,4.90688,13.6351,9.91045
2.65,6,31,5.36607,13.2201,11.0417
2.65,7,46,6.80366,15.542,11.5007
2.65,11,96,8.01372,24.7906,18.7645
2.75,8,59,5.5781,16.3996,12.2688
2.75,6,54,5.5998,12.0743,9.69788
2.75,10,96,7.01885,21.8143,12.6739
2.75,11,102,9.74474,23.5984,17.1631
2.75,10,53,7.21371,21.5517,13.9551
2.75,9,74,7.36857,17.6797,12.623
2.75,9,155,6.87055,20.1509,15.6865
2.75,11,68,8.65235,22.8136,17.153
2.75,10,112,6.95764,19.9941,14.5129
2.75,6,23,5.71808,13.5024,9.93408
2.75,7,67,5.4098,14.7431,10.9921
2.75,13,137,9.68894,28.1023,20.6988
2.75,7,36,6.55157,14.555,11.7145
2.75,8,61,6.84826,17.3037,12.557
2.75,9,69,7.05357,18.9197,13.3272
2.75,9,39,6.56632,15.5063,12.0205
2.75,7,40,5.93412,13.2015,10.3234
2.75,12,169,7.72802,26.7174,18.8481
2.75,11,90,8.44034,25.1025,14.7462
2.75,8,31,5.76205,14.5726,10.4647
2.75,8,52,5.83345,17.3539,12.0287
2.75,10,64,6.59697,20.2697,14.1862
2.75,6,31,6.46267,12.8394,9.59061
2.75,11,97,7.51773,26.013,18.0788
2.75,7,40,6.45538,14.4253,11.3691
2.75,6,51,5.49705,11.4598,9.5023
2.75,8,73,6.04296,17.2694,11.6814
2.75,8,44,6.67511,17.594,13.3319
2.75,13,50,7.47208,27.9341,17.7104
2.75,8,37,5.41544,16.4527,11.5098
2.85,7,94,5.98935,16.1739,11.5735
2.85,10,103,8.07777,23.7183,17.5075
2.85,9,44,7.49198,18.4066,16.2207
2.85,8,46,5.50371,17.3133,13.2761
2.85,8,36,6.73764,14.9277,10.9515
2.85,7,40,6.76735,16.3525,12.0157
2.85,9,59,7.50018,19.0669,14.0958
2.85,11,74,10.3693,24.9981,15.8862
2.85,12,95,9.19364,27.7653,17.5393
2.85,6,62,5.80997,13.3975,10.6287
2.85,11,58,7.21483,23.0625,16.8002
2.85,12,168,8.49126,26.0104,19.6658
2.85,6,44,4.85794,14.0222,10.207
2.85,8,48,6.48169,17.1301,10.2604
2.85,7,84,5.22231,15.3518,10.5816
2.85,9,57,7.24524,20.1422,12.2131
2.85,9,49,6.93565,18.8596,14.9268
2.85,10,104,7.40527,23.0963,16.799
2.85,7,57,4.8061,15.9177,14.1473
2.85,8,47,4.92055,18.2218,11.6415
2.85,8,47,7.4673,18.6567,14.3044
2.85,10,98,8.10352,21.3979,16.6568
2.85,8,60,5.48352,19.0639,14.0884
2.85,5,28,5.95647,10.698,8.63999
2.85,6,35,5.29395,12.8389,10.2953
2.85,9,54,7.71242,20.7837,15.8342
2.85,7,40,5.08057,15.2475,11.8545
2.85,6,40,5.63988,12.5612,8.76361
2.85,10,109,6.93263,19.1661,13.0673
2.85,6,54,6.59744,13.6005,10.6992
2.95,10,100,7.74421,23.6267,15.1141
2.95,8,64,5.91945,15.9219,11.7782
2.95,6,48,5.51042,14.5774,10.7005
2.95,8,42,6.25013,19.2919,15.9092
2.95,7,48,6.36734,17.4531,13.7661
2.95,10,57,7.49524,22.5122,16.932
2.95,9,68,5.76858,18.5426,15.1919
2.95,8,57,5.76716,15.5155,12.5245
2.95,10,100,8.24809,23.1043,16.5575
2.95,7,71,5.95783,12.7595,9.56665
2.95,10,83,7.47108,26.2331,20.4796
2.95,8,61,5.18493,15.0366,10.0749
2.95,7,68,6.73228,13.9189,10.1233
2.95,8,122,5.8807,17.7651,11.8297
2.95,10,104,6.24685,21.1469,14.5483
2.95,9,70,6.88597,19.3526,14.4137
2.95,7,103,4.40087,14.9828,11.1504
2.95,7,58,7.88661,17.219,12.3767
2.95,7,72,5.9377,14.9081,11.7176
2.95,6,77,5.13405,13.2521,10.751
2.95,7,49,6.23337,15.0817,11.1802
2.95,9,98,5.90129,17.496,10.9346
2.95,7,45,4.62983,16.1753,13.8732
2.95,9,75,6.28867,18.9005,13.9442
2.95,9,57,6.42462,18.5953,12.7832
2.95,8,65,4.45838,19.6928,18.075
2.95,7,45,6.93555,16.2317,12.6134
2.95,8,55,6.30659,16.5748,12.2155
2.95,6,34,4.72709,14.282,10.555
2.95,14,102,8.14913,34.7982,25.6846
3.05,6,60,5.59254,13.4663,11.4194
3.05,6,37,5.1092,13.6237,11.4757
3.05,7,74,6.5019,16.3836,12.9206
3.05,8,65,5.47476,17.4598,12.8482
3.05,7,53,4.83799,15.1,11.2269
3.05,7,45,5.25212,13.8357,11.1746
3.05,6,31,5.26317,13.0536,10.4966
3.05,7,145,5.83288,15.9645,12.2659
3.05,9,47,7.81829,18.7791,11.9107
3.05,6,59,5.6612,14.5536,11.2433
3.05,7,55,6.50422,13.4042,10.1296
3.05,6,80,5.07776,14.991,11.9229
3.05,7,44,6.70406,17.0088,11.3849
3.05,8,31,5.38297,16.6528,14.4721
3.05,10,190,10.0736,23.7985,14.2704
3.05,7,36,6.46069,15.9221,11.9747
3.05,10,69,8.72585,24.0154,16.2942
3.05,14,77,8.7739,33.9889,22.3171
3.05,7,47,5.53291,14.6993,11.4754
3.05,10,64,6.61653,25.2568,18.9176
3.05,7,68,7.56374,17.3142,11.1509
3.05,6,58,5.52521,14.7129,10.9795
3.05,8,107,6.53001,18.7593,14.6167
3.05,7,38,5.09903,14.5638,12.1422
3.05,12,117,9.42654,26.9725,20.3127
3.05,6,63,5.42104,14.0108,12.0536
3.05,12,85,9.27285,28.3707,21.1591
3.05,9,67,6.34931,20.1214,15.993
3.05,10,39,7.92032,20.5679,13.4846
3.05,7,63,5.20448,17.3268,15.3247
3.15,6,66,5.31256,14.2862,11.5591
3.15,8,50,6.39301,21.8812,17.0096
3.15,7,79,5.54615,16.0053,12.1087
3.15,8,74,6.10118,15.4573,11.8449
3.15,6,46,5.05246,13.8379,11.4421
3.15,11,84,8.73719,24.8685,18.155
3.15,9,64,6.1775,20.6198,17.7468
3.15,7,42,5.86161,14.7488,9.52081
3.15,8,50,5.72817,18.1843,12.3844
3.15,6,99,4.73925,13.8903,11.5883
3.15,8,54,5.51267,18.8022,15.1006
3.15,5,53,5.54134,12.1906,9.28492
3.15,9,71,8.74654,21.9167,13.6068
3.15,5,69,5.18282,10.9527,6.35534
3.15,9,48,6.02022,19.9308,15.0789
3.15,7,55,6.18558,17.7388,13.9624
3.15,7,58,6.10696,16.13,13.2703
3.15,8,70,6.86366,19.9601,13.3565
3.15,5,39,4.71635,11.3683,9.08842
3.15,8,56,6.69612,17.9642,11.91
3.15,6,34,6.47207,14.6941,12.0344
3.15,7,50,5.80606,14.38,11.5026
3.15,8,111,5.11018,18.6597,13.1377
3.15,8,40,6.03988,18.1074,14.9304
3.15,6,23,6.3065,14.8698,10.173
3.15,6,42,5.25511,12.6457,10.3642
3.15,7,88,5.7648,15.7931,11.7648
3.15,5,57,4.61891,12.5767,9.74372
3.15,10,73,9.41492,22.8805,16.0308
3.15,9,45,6.44843,22.5812,16.0462
3.25,7,73,4.77482,15.7387,11.2167
3.25,7,59,5.20298,14.0369,11.7018
3.25,7,76,6.24738,16.2912,10.201
3.25,6,66,5.08781,12.0243,9.27757
3.25,9,82,7.30279,21.3892,15.6145
3.25,9,89,5.77863,21.1399,16.9365
3.25,9,69,6.18583,22.4687,17.2405
3.25,11,157,6.89223,28.8731,18.731
3.25,11,75,10.0207,26.4937,21.325
3.25,8,64,5.71329,18.5782,16.1308
3.25,14,152,11.6158,31.4187,20.0502
3.25,8,100,6.63009,19.066,14.5798
3.25,9,66,6.72278,20.5177,17.6344
3.25,8,139,5.67069,16.8812,13.9946
3.25,6,61,5.54631,13.3298,10.1331
3.25,10,126,7.43209,24.1643,18.504
3.25,6,52,4.44254,13.5175,10.6865
3.25,10,72,7.15799,23.0852,16.89
3.25,9,38,6.23663,19.8552,13.7159
3.25,9,106,8.6303,23.8346,17.9004
3.25,8,66,6.89476,19.8719,16.5496
3.25,9,91,7.0582,21.8453,15.0371
3.25,11,70,8.57295,26.8729,18.9071
3.25,9,117,6.33742,20.788,14.922
3.25,6,120,5.77285,14.1242,10.4046
3.25,10,111,7.26428,22.3284,15.8603
3.25,9,94,9.04401,23.7772,17.2256
3.25,9,90,5.9179,20.3308,14.3846
3.25,6,29,5.54825,14.2573,12.2947
3.25,7,59,6.9343,19.4553,12.2463
3.35,6,110,5.44775,16.1778,12.7927
3.35,8,83,6.82878,19.7082,13.5433
3.35,8,59,5.07601,17.7189,13.3141
3.35,9,93,6.2544,23.7053,15.4623
3.35,7,43,5.36179,15.9721,12.8053
3.35,7,33,5.99951,14.9345,8.32174
3.35,9,95,7.1969,21.1621,15.2983
3.35,7,92,6.13303,18.9934,13.7994
3.35,9,41,6.73236,23.571,15.7095
3.35,8,103,6.30261,19.5798,13.5161
3.35,8,67,5.98811,19.9764,11.9373
3.35,11,85,10.9006,26.0807,18.9569
3.35,5,82,4.88084,12.0803,8.51302
3.35,7,32,5.3714,18.2267,13.5497
3.35,11,135,11.4155,28.5913,19.355
3.35,10,83,7.7046,24.3794,13.9948
3.35,8,74,5.35157,22.2929,16.7619
3.35,9,120,7.26707,24.6986,15.5695
3.35,9,49,6.64528,24.4487,19.9339
3.35,9,56,7.99015,23.1449,16.4896
3.35,8,58,6.12147,22.6205,15.4868
3.35,8,40,5.49469,17.6517,14.5003
3.35,7,61,5.94772,18.578,11.6639
3.35,7,77,5.15988,17.032,13.2293
3.35,9,48,8.12142,21.1757,15.54
3.35,8,72,7.08928,21.0348,15.5825
3.35,5,48,5.29264,11.8145,8.67758
3.35,6,42,6.11347,14.4939,9.95308
3.35,7,47,4.57342,13.9399,9.76032
3.35,6,147,5.37249,13.0175,8.81238
3.45,9,76,5.82279,22.4059,15.6606
3.45,10,80,8.78246,23.7479,18.1639
3.45,7,119,7.6983,18.2769,13.5788
3.45,11,131,9.93143,27.87,21.6988
3.45,8,70,6.48204,21.1577,15.2738
3.45,12,119,11.0065,32.5674,21.0799
3.45,9,112,6.19621,22.82,17.7591
3.45,7,77,5.63035,17.6997,15.181
3.45,5,46,5.4869,10.9659,7.15879
3.45,8,84,5.47726,16.5644,12.7384
3.45,5,32,4.68988,12.2173,8.77088
3.45,7,57,7.47474,18.719,11.0994
3.45,9,100,5.95372,21.4443,17.7739
3.45,9,69,7.00036,22.1996,14.6038
3.45,8,92,6.62833,20.0712,12.4532
3.45,7,51,5.40681,17.1825,13.4414
3.45,9,71,5.35775,21.8743,16.6779
3.45,7,79,5.89146,16.9793,12.9631
3.45,7,46,5.39685,16.6257,11.0261
3.45,6,33,4.06748,14.5748,11.8038
3.45,7,49,6.18503,16.1731,10.3038
3.45,6,48,6.07952,13.8692,11.0172
3.45,7,101,5.46997,18.4874,14.4691
3.45,7,55,5.53004,20.5173,15.8723
3.45,6,75,4.8168,15.3348,10.3142
3.45,8,36,6.13883,18.5089,12.2341
3.45,9,72,7.10816,22.6544,16.7422
3.45,8,90,6.27446,18.4581,11.1668
3.45,7,67,5.9819,19.8825,16.2607
3.45,5,28,4.41205,12.9915,11.4262
3.55,9,119,9.38613,23.0708,16.094
3.55,8,85,5.94218,19.0197,13.3352
3.55,10,78,8.43099,23.1921,13.614
3.55,7,46,8.57067,20.8433,16.5686
3.55,5,28,5.46084,11.7267,9.44054
3.55,10,122,8.30794,25.1791,19.1106
3.55,7,76,7.27152,19.1873,15.5514
3.55,7,55,5.98112,18.9529,13.4996
3.55,8,82,7.61704,19.4421,12.6739
3.55,9,59,6.70235,22.8993,14.6631
3.55,6,61,5.02658,15.5016,12.1791
3.55,8,48,6.21244,20.0443,12.8894
3.55,7,102,7.79393,18.0279,13.4352
3.55,6,47,5.54805,14.8656,10.3822
3.55,9,53,6.41925,22.6867,15.9619
3.55,8,105,7.78654,24.0784,17.441
3.55,8,81,6.83036,23.0804,16.0119
3.55,10,180,7.61035,27.0135,18.2244
3.55,8,91,6.8405,21.1199,15.1875
3.55,7,115,6.5804,17.2418,13.1553
3.55,10,150,6.86179,26.0806,18.4284
3.55,6,45,5.11287,13.4207,10.2598
3.55,7,45,5.71319,18.1851,14.1787
3.55,7,87,5.95416,19.071,13.9742
3.55,9,72,7.17367,23.3848,18.6962
3.55,8,43,6.00213,19.292,16.8402
3.55,6,47,5.3936,14.5569,10.8229
3.55,8,43,5.83624,18.1935,12.4381
3.55,9,110,5.69496,21.76,16.439
3.55,7,48,6.00328,18.8017,16.1135
3.65,9,50,5.82977,25.6946,19.5074
3.65,6,44,4.9508,13.8397,10.8115
3.65,6,30,4.28008,15.22,12.2947
3.65,6,31,4.78618,11.4417,9.43294
3.65,8,62,6.49094,22.9126,16.0447
3.65,8,64,8.50737,19.4659,14.3897
3.65,5,29,4.81318,13.0637,9.58469
3.65,7,71,6.00346,16.7164,12.0259
3.65,6,30,4.35307,10.6212,6.60686
3.65,6,85,5.11527,17.6348,13.6609
3.65,7,56,6.20786,20.6796,16.2584
3.65,5,40,5.1154,11.9164,10.7965
3.65,7,44,5.21883,15.1396,10.8958
3.65,5,107,4.32023,13.5955,10.9391
3.65,9,110,7.91633,25.3565,17.5963
3.65,9,152,8.00689,26.1581,16.1902
3.65,9,117,5.94337,22.3164,15.3209
3.65,6,54,5.23894,14.1955,9.95942
3.65,8,84,5.38746,19.9721,16.8007
3.65,10,64,6.80083,23.4472,16.4233
3.65,7,120,4.83553,16.4777,12.3317
3.65,8,148,6.80779,18.5241,15.2447
3.65,8,107,6.63168,24.6362,17.2495
3.65,7,79,5.76989,20.7804,15.1345
3.65,7,73,5.59776,18.9614,13.5078
3.65,6,77,5.44848,14.9201,10.0869
3.65,6,65,5.704,17.3521,12.5214
3.65,9,74,6.8665,24.457,18.3479
3.65,5,56,4.81932,13.756,10.2922
3.65,5,47,4.74021,11.3229,8.48272
3.75,6,41,5.12471,16.4075,10.3894
3.75,6,81,4.71485,17.7462,13.9812
3.75,5,85,4.96476,14.6881,11.7446
3.75,8,54,6.57697,20.7526,17.0076
3.75,5,31,4.52322,13.4428,10.72
3.75,6,98,6.96988,15.8754,10.509
3.75,5,45,5.02652,12.2003,8.10075
3.75,7,62,7.03959,19.127,12.2483
3.75,6,97,5.18113,17.5824,11.6116
3.75,8,40,5.91026,22.312,17.3774
3.75,6,116,5.0243,14.2887,10.0343
3.75,7,109,5.82768,17.9188,13.2015
3.75,6,30,5.72112,13.9498,11.5706
3.75,6,59,4.97126,13.6593,9.15119
3.75,7,88,6.11459,20.375,14.6426
3.75,7,41,5.9661,17.6909,13.7127
3.75,7,83,4.90746,17.4237,12.5274
3.75,6,95,6.49985,16.7006,12.3265
3.75,8,80,6.27085,17.9805,12.8953
3.75,6,54,5.35703,15.1131,11.1539
3.75,5,31,5.10701,13.833,10.8489
3.75,6,35,4.96249,13.6413,9.54953
3.75,6,45,5.97372,17.7406,12.343
3.75,5,45,4.67878,11.3273,9.33274
3.75,7,51,6.0148,17.4794,13.4387
3.75,7,74,5.57791,16.3332,9.9948
3.75,9,87,7.21071,23.7851,17.6701
3.75,7,69,5.55828,19.3243,15.2033
3.75,6,61,6.54014,16.757,13.0834
3.75,8,61,5.68912,21.7429,16.346
3.85,5,64,4.17537,14.9091,12.5346
3.85,6,88,4.39613,16.9224,15.1505
3.85,10,81,7.30122,25.8911,21.9952
3.85,7,61,6.8577,20.5854,13.8312
3.85,5,165,5.27001,14.2374,11.2284
3.85,9,89,7.13239,23.9791,18.5024
3.85,8,81,5.97832,19.2788,12.6175
3.85,11,101,7.10412,31.2016,20.2297
3.85,7,119,5.46848,18.9198,14.1743
3.85,9,103,9.11028,27.445,21.0376
3.85,7,60,7.27687,18.2344,15.5316
3.85,9,69,8.12578,27.1359,17.609
3.85,6,50,5.14509,15.6898,12.3083
3.85,7,30,5.22212,17.0057,14.3288
3.85,8,79,6.14006,19.5205,13.9894
3.85,7,69,6.01717,17.436,14.0423
3.85,9,112,5.70549,23.0162,18.4691
3.85,6,48,5.37072,16.1989,13.4868
3.85,6,47,3.91756,18.3854,14.8204
3.85,7,43,4.09788,17.0942,12.6709
3.85,8,93,5.2648,23.4195,18.1542
3.85,5,33,4.51603,13.5532,11.2234
3.85,7,55,6.13015,18.083,13.8145
3.85,5,28,4.32126,10.7413,6.11513
3.85,7,44,5.0844,15.9191,11.8502
3.85,8,138,8.49173,17.4337,12.1575
3.85,8,160,5.90463,23.0049,17.0322
3.85,5,36,4.11422,12.0165,9.92271
3.85,6,59,5.55575,16.439,11.7456
3.85,8,92,6.55576,21.1204,16.8848
3.95,7,143,7.07326,22.6969,16.8284
3.95,5,26,4.99763,13.3052,9.4939
3.95,7,81,6.93804,23.1441,19.1195
3.95,7,65,7.11333,22.0199,15.8398
3.95,8,82,6.02025,22.175,16.0958
3.95,8,35,4.65554,19.2069,14.1638
3.95,8,124,6.0814,24.5512,17.4101
3.95,8,41,6.12274,22.2279,14.9424
3.95,9,113,6.66618,24.8071,18.7988
3.95,9,101,7.1443,23.0255,15.5382
3.95,6,60,5.41301,15.1526,10.5405
3.95,9,118,6.41771,26.7671,21.1822
3.95,9,106,8.80742,21.8085,17.7352
3.95,5,67,5.37314,14.5717,11.8455
3.95,7,59,7.09661,18.7953,12.3254
3.95,7,40,5.05505,17.156,12.7175
3.95,6,77,4.82186,16.347,11.3544
3.95,7,93,5.62723,18.4232,15.6171
3.95,5,31,4.75817,15.1541,10.5397
3.95,7,107,7.34033,22.8056,16.5412
3.95,8,73,7.45045,21.7143,16.1838
3.95,10,136,8.03287,26.88,16.8676
3.95,7,73,5.33246,17.1494,12.0988
3.95,8,62,7.20291,20.5408,13.4992
3.95,6,36,5.13841,17.6958,13.9131
3.95,6,73,6.18759,16.203,12.1902
3.95,11,117,11.9665,30.5987,17.9303
3.95,9,49,7.41028,24.7503,18.4199
3.95,6,47,4.84789,15.2666,10.4816
3.95,5,140,5.11159,15.618,10.157
4.05,7,61,5.14446,19.3936,12.829
4.05,6,142,6.41706,18.031,11.596
4.05,7,113,6.01164,14.9415,11.1253
4.05,7,47,5.13293,18.6431,12.8447
4.05,6,89,4.93563,17.3699,14.1197
4.05,7,66,7.07268,21.4834,15.4128
4.05,7,65,4.72192,17.8058,11.1942
4.05,5,99,4.90109,10.9997,7.82568
4.05,6,76,5.38058,15.6308,11.5554
4.05,6,50,4.82611,15.3403,11.6157
4.05,5,26,4.53872,14.478,9.79427
4.05,6,129,5.13281,16.4385,11.5998
4.05,7,51,7.62847,20.0014,15.4118
4.05,7,72,6.04619,19.56,16.3494
4.05,6,73,6.03644,17.8748,13.0488
4.05,8,90,3.77283,17.7297,13.6538
4.05,7,66,5.43071,17.65,11.7022
4.05,8,45,5.43097,23.4515,20.1398
4.05,8,61,5.27511,21.8732,14.4859
4.05,7,36,4.90975,20.3411,15.1778
4.05,8,115,7.11204,25.6678,17.0961
4.05,6,65,4.3917,16.0155,10.8491
4.05,9,84,8.43267,27.6672,21.8641
4.05,6,86,6.09657,17.0203,12.0395
4.05,8,75,5.65277,21.2214,14.3221
4.05,6,32,5.52285,16.2108,13.592
4.05,6,63,6.51915,17.8589,11.8895
4.05,6,113,6.37101,16.2838,11.3931
4.05,9,115,6.50983,27.3354,16.4628
4.05,6,68,4.59077,17.2939,11.692
4.15,5,45,4.89869,13.4235,12.0099
4.15,7,76,5.30843,20.1624,14.7595
4.15,8,53,6.49914,24.7939,19.6188
4.15,10,136,7.20354,30.7741,20.4074
4.15,7,91,5.0821,20.6804,16.2765
4.15,5,115,5.42554,14.0369,11.4452
4.15,7,63,7.11539,21.1006,15.8791
4.15,8,74,8.07397,25.7184,19.4371
4.15,10,152,8.27558,31.1089,18.5871
4.15,8,48,5.85377,20.7976,16.1613
4.15,8,43,5.82162,21.6849,14.9578
4.15,7,170,5.41503,19.8106,13.9052
4.15,5,64,4.54013,16.0834,12.6977
4.15,9,58,5.71727,26.9503,20.9353
4.15,5,52,4.57551,14.4583,10.5781
4.15,8,105,6.7486,23.4352,15.2379
4.15,7,61,4.97028,20.5986,15.543
4.15,7,199,5.4935,15.6643,10.1795
4.15,6,62,4.56688,14.7824,9.59764
4.15,6,57,4.77445,16.3488,12.7355
4.15,6,71,3.88443,14.1654,10.3566
4.15,6,50,5.19094,19.9279,11.4305
4.15,9,95,9.29688,28.5247,19.1232
4.15,6,83,5.77227,15.0925,12.9485
4.15,6,158,5.55131,18.1846,11.6073
4.15,7,43,5.76716,18.635,13.7123
4.15,9,68,5.97533,24.3998,17.6803
4.15,8,95,8.46174,25.2324,17.6919
4.15,9,76,5.6172,23.7342,14.9656
4.15,8,96,7.51651,21.633,15.6427
4.25,6,58,5.1654,16.585,12.9078
4.25,4,46,4.34622,12.3302,9.32183
4.25,7,63,6.02022,21.028,16.0288
4.25,7,101,5.45634,24.3561,17.6663
4.25,7,43,4.98847,15.8426,12.1043
4.25,7,82,5.69951,21.943,16.4793
4.25,6,67,5.61883,17.1429,13.1774
4.25,8,117,8.46572,26.6639,17.7281
4.25,6,150,3.75713,14.9232,11.0249
4.25,7,95,5.8251,24.4048,17.0121
4.25,6,73,7.51518,20.1822,12.7507
4.25,7,56,6.55616,20.2548,15.2076
4.25,6,89,2.65101,15.3169,10.4537
4.25,9,65,6.42798,25.0814,19.3184
4.25,5,39,4.88304,12.8391,9.83114
4.25,7,52,5.80096,19.9523,14.0324
4.25,6,87,5.21269,17.9063,12.7368
4.25,6,39,5.71664,16.1662,11.1936
4.25,6,68,5.7218,17.9679,14.211
4.25,5,117,5.69537,15.7252,11.3342
4.25,8,144,6.66613,20.8543,14.2665
4.25,5,179,5.22468,14.8185,11.5971
4.25,6,40,4.34128,16.3189,11.2163
4.25,7,82,5.71689,18.313,10.7096
4.25,5,55,5.42635,16.0989,13.6129
4.25,6,61,6.65945,20.1279,14.3112
4.25,7,138,7.48402,19.7163,14.1983
4.25,9,81,5.97902,21.5482,15.5047
4.25,8,101,5.46223,18.7679,12.9712
4.25,6,117,5.42069,15.5889,12.0669
4.35,8,103,6.35832,22.8023,16.69
4.35,9,162,7.27661,28.5226,18.9373
4.35,6,50,4.89666,16.3681,13.4561
4.35,7,69,5.98916,22.5557,17.6896
4.35,7,33,5.51282,19.9527,14.9588
4.35,7,146,6.6077,18.4375,12.8445
4.35,8,91,7.31457,25.8664,18.1305
4.35,7,164,5.88187,23.1651,16.2781
4.35,7,67,7.03668,22.0664,17.6633
4.35,6,163,5.02233,20.5152,15.8359
4.35,5,83,4.69863,13.224,9.99377
4.35,6,88,4.43252,19.821,14.6069
4.35,6,49,4.33097,16.0981,10.0731
4.35,8,65,6.87813,24.1245,16.3076
4.35,6,62,4.1148,14.5031,11.2133
4.35,8,125,7.12373,25.1483,18.7589
4.35,8,70,6.46076,23.478,17.0265
4.35,10,163,7.81169,31.9371,21.5083
4.35,6,51,4.86143,14.3371,10.895
4.35,9,116,5.30825,24.9842,17.8988
4.35,6,118,5.40749,20.1432,13.7191
4.35,9,169,5.52376,26.7251,21.1839
4.35,10,138,8.06534,32.7058,20.9314
4.35,8,64,8.73869,26.5597,16.1008
4.35,7,130,4.94332,18.3923,14.1007
4.35,8,110,7.10701,24.9988,16.2272
4.35,5,48,4.71975,15.6754,11.3979
4.35,7,65,5.59414,21.5134,15.8486
4.35,4,52,4.24275,12.7612,10.8441
4.35,6,155,5.25316,18.5631,14.9259
4.45,7,145,5.41114,19.1955,11.8232
4.45,8,91,7.05922,23.1066,14.9629
4.45,7,62,5.22382,19.0837,15.3443
4.45,5,142,5.28409,11.6725,8.07983
4.45,9,120,7.48401,28.7594,21.1332
4.45,6,135,5.59791,18.5833,12.2161
4.45,8,95,5.33905,24.8353,18.0859
4.45,7,111,7.07486,19.7571,13.6843
4.45,7,88,6.54698,24.2622,16.4744
4.45,6,47,5.53202,21.068,15.3149
4.45,5,62,4.37665,13.4513,8.89402
4.45,6,99,5.21077,15.0335,12.5999
4.45,7,89,5.55807,19.0331,13.2297
4.45,6,92,5.88625,20.5177,13.9615
4.45,10,103,8.63364,30.2474,17.469
4.45,8,103,7.30036,23.7478,16.6854
4.45,8,130,7.25524,23.9803,16.3332
4.45,8,82,6.91289,30.4874,19.9334
4.45,7,94,5.5695,20.3195,15.0367
4.45,7,54,5.14975,19.339,15.8503
4.45,7,36,5.55587,18.1692,13.5689
4.45,7,53,5.59539,18.825,10.0462
4.45,7,57,5.81212,22.9106,19.9868
4.45,5,31,5.01088,14.1112,11.5607
4.45,7,152,5.16394,18.4842,11.7539
4.45,7,97,5.35362,20.4194,14.987
4.45,6,66,4.10737,14.5237,11.9412
4.45,7,50,5.78573,19.8167,14.3709
4.45,6,34,5.21572,18.6941,12.8335
4.45,7,130,6.53672,20.5601,14.2557
4.55,7,68,5.49498,22.1986,15.4222
4.55,7,127,6.29876,19.84,13.2232
4.55,7,71,5.10431,17.3852,14.2115
4.55,9,45,5.54952,23.2883,18.6307
4.55,8,88,5.97508,25.4439,15.7813
4.55,6,35,5.30577,17.6949,12.8142
4.55,9,79,6.64423,28.6136,18.4314
4.55,6,83,5.52731,19.2602,13.743
4.55,7,103,6.89649,23.7464,17.4967
4.55,5,55,4.44567,13.6602,11.9455
4.55,5,32,5.14069,14.4994,11.0896
4.55,5,108,4.37656,12.7426,10.4896
4.55,5,56,4.79796,15.8931,12.1769
4.55,7,127,6.36831,23.1701,15.2249
4.55,6,56,5.97487,19.2358,16.0942
4.55,8,106,6.18647,21.4081,15.7733
4.55,6,77,6.29359,19.7015,15.4987
4.55,7,110,6.07291,19.6472,13.7323
4.55,5,79,4.59233,14.4641,11.8173
4.55,7,55,5.87282,21.5745,15.4452
4.55,7,102,5.00406,18.918,14.1957
4.55,6,74,5.18915,16.5945,13.0508
4.55,6,177,5.23694,15.7075,10.5615
4.55,4,71,4.25812,10.7301,8.09284
4.55,6,61,5.50555,19.4734,12.4716
4.55,6,64,3.78909,16.1302,11.7949
4.55,7,101,5.40047,21.8357,15.7482
4.55,6,65,5.97157,18.5384,13.8513
4.55,7,51,4.73696,19.8445,13.1653
4.55,8,125,6.38735,27.7201,21.971
4.65,9,120,7.00096,31.898,22.6376
4.65,6,49,5.64646,19.5628,14.8731
4.65,7,71,5.93467,21.5119,13.664
4.65,6,41,5.94954,18.804,12.9323
4.65,6,108,5.06259,17.4032,13.0696
4.65,5,34,5.73305,16.4016,13.0855
4.65,7,70,5.80759,21.0815,16.187
4.65,8,161,6.11406,26.0992,20.1607
4.65,5,72,4.75784,14.9091,10.1052
4.65,6,50,5.02974,19.0889,14.6792
4.65,7,71,9.81164,23.1402,16.8352
4.65,8,120,6.30436,26.926,20.152
4.65,6,56,5.7328,21.4421,15.9979
4.65,8,90,8.69249,25.8017,19.1728
4.65,8,133,6.4135,23.408,14.9408
4.65,6,63,3.9797,17.3964,13.6008
4.65,4,61,4.65741,12.6669,10.0696
4.65,8,83,7.87077,24.6895,15.7864
4.65,6,64,5.36844,20.2677,16.2619
4.65,6,112,5.87681,19.9175,14.9841
4.65,8,100,5.48495,21.745,18.7281
4.65,6,106,4.59605,18.3824,13.1317
4.65,9,85,5.98182,31.929,20.8428
4.65,5,54,4.77453,17.0106,10.8748
4.65,6,146,4.97903,19.4161,15.017
4.65,5,65,4.85222,13.7529,9.83723
4.65,5,34,4.25473,16.9752,11.9493
4.65,7,114,6.44238,25.1917,17.9042
4.65,8,62,7.47388,23.1243,16.6495
4.65,7,119,6.27506,22.1771,17.9024
4.75,6,45,5.61678,17.5284,13.1184
4.75,8,100,7.38397,28.2882,19.6967
4.75,7,176,4.86986,19.2791,14.9939
4.75,5,54,5.59987,13.8919,10.4738
4.75,7,84,6.77325,25.5749,17.0822
4.75,7,68,7.84529,20.8284,14.4686
4.75,5,94,5.05399,15.3871,11.1394
4.75,7,83,6.24327,24.8126,19.6705
4.75,7,155,5.7205,19.7167,12.4877
4.75,5,71,4.49368,14.6242,11.9534
4.75,5,55,4.97156,14.9004,10.8768
4.75,8,129,8.25033,26.1244,17.9261
4.75,5,147,5.45299,14.901,12.1689
4.75,6,194,5.50428,17.2821,12.3989
4.75,6,37,3.80741,16.664,13.1113
4.75,10,97,8.87455,33.192,20.5305
4.75,7,81,4.76825,20.9113,13.6447
4.75,9,108,6.07716,26.4755,19.506
4.75,7,164,5.45053,20.6629,13.3455
4.75,11,141,9.69551,37.9319,24.0887
4.75,7,140,5.68837,20.9092,15.5614
4.75,7,43,6.04688,23.1289,17.9636
4.75,9,85,7.38707,29.6093,19.8857
4.75,6,65,7.49659,20.909,15.9453
4.75,7,150,5.93168,21.6245,14.2382
4.75,4,73,5.07275,13.3917,9.13746
4.75,6,85,6.83334,18.5266,13.3535
4.75,6,146,6.16308,17.9044,12.8811
4.75,5,75,5.74056,15.198,12.2904
4.75,6,95,6.47228,18.3188,14.1976
4.85,12,129,7.87618,36.0822,24.5883
4.85,5,74,6.06762,16.3496,13.934
4.85,8,194,8.15801,23.6842,16.7474
4.85,7,118,5.49989,23.0131,16.0678
4.85,7,110,4.98878,18.1465,12.8155
4.85,6,111,5.22781,17.7251,12.8178
4.85,7,127,4.69722,20.8375,12.8393
4.85,6,95,4.49574,15.2052,9.79473
4.85,6,61,5.216,13.0146,10.2223
4.85,7,51,6.63165,20.845,15.1716
4.85,5,57,5.07165,13.8937,11.4769
4.85,6,41,4.1077,18.5169,13.035
4.85,5,24,5.03583,15.2216,9.66922
4.85,7,86,4.83217,24.1578,14.9011
4.85,6,69,4.55206,15.8683,13.1154
4.85,5,73,4.03846,14.255,11.8487
4.85,7,59,4.93142,18.9317,16.2471
4.85,8,133,7.04143,27.2383,16.366
4.85,6,85,5.5432,20.4239,13.3759
4.85,6,75,8.39752,19.5147,12.4637
4.85,8,134,7.74889,24.2176,13.9225
4.85,7,116,7.99929,23.3949,17.9506
4.85,6,64,5.00851,20.2102,13.9313
4.85,5,94,4.93326,15.7209,12.197
4.85,6,150,4.97484,19.2452,15.4933
4.85,8,79,7.35868,26.7186,22.8646
4.85,8,98,7.33015,27.2742,15.7645
4.85,7,70,5.55834,22.0151,16.0872
4.85,8,119,5.83537,28.1384,17.5599
4.85,6,115,6.49616,17.2178,12.7703
4.95,6,103,5.66662,20.4609,12.9482
4.95,6,99,5.29753,20.6316,17.1842
4.95,6,95,4.30816,19.3517,14.2376
4.95,6,126,4.83086,18.6089,14.2476
4.95,5,31,6.00407,16.4115,12.3991
4.95,6,49,4.67081,19.2178,14.2019
4.95,6,53,6.03253,18.9629,15.122
4.95,7,89,6.04888,21.5226,14.1858
4.95,8,70,6.32333,25.4708,16.1953
4.95,7,46,5.11231,22.9783,17.8789
4.95,8,67,5.98215,22.332,13.4313
4.95,6,124,4.84806,17.4934,14.6386
4.95,4,60,4.34869,13.5309,11.0863
4.95,6,100,4.41296,18.5173,14.708
4.95,6,58,6.41181,19.4443,13.3638
4.95,5,82,4.53562,18.096,15.4569
4.95,5,117,5.82968,17.1291,12.4325
4.95,5,63,5.20657,15.0775,12.2548
4.95,6,72,7.00319,22.4951,12.4544
4.95,6,91,3.61242,15.9953,12.7827
4.95,7,172,5.4916,24.0519,17.9664
4.95,6,88,6.29953,17.8812,13.0275
4.95,6,100,6.33831,22.3134,17.0649
4.95,5,140,6.3263,13.8141,9.8503
4.95,6,76,4.23517,16.1773,12.5109
4.95,8,86,5.82216,24.2968,16.675
4.95,8,77,5.14656,26.3788,20.9814
4.95,6,70,5.60497,22.2559,15.1948
4.95,7,156,6.09354,25.6364,17.7341
4.95,6,75,6.89947,19.1783,14.0042
5.05,7,103,7.56325,24.8294,18.8273
5.05,8,112,8.09452,29.9196,16.9922
5.05,5,80,5.52351,14.4946,10.3316
5.05,5,53,4.88068,13.1523,8.81737
5.05,6,111,6.53038,22.0093,17.2248
5.05,10,122,7.67159,33.5311,23.4873
5.05,7,120,6.31068,24.4249,16.0486
5.05,9,90,9.15073,27.836,19.2595
5.05,6,43,4.61096,16.4988,12.3988
5.05,6,90,3.76278,21.7218,14.8638
5.05,4,40,4.32304,13.0403,10.2741
5.05,7,71,4.56558,20.9863,15.3131
5.05,6,152,5.73109,18.3156,14.7488
5.05,7,59,5.86581,23.0964,17.0762
5.05,7,102,5.54086,21.2192,14.2135
5.05,7,69,5.91034,22.0093,15.9695
5.05,7,62,5.59863,20.2858,14.5372
5.05,8,159,8.01025,30.9593,20.2195
5.05,6,57,4.8764,15.9224,10.5931
5.05,6,48,3.85046,15.7874,12.2561
5.05,6,58,4.54602,17.3195,14.37
5.05,6,102,5.64495,20.4929,15.8511
5.05,7,54,6.02379,18.9222,14.1358
5.05,5,51,4.13614,15.8718,10.8587
5.05,8,86,5.25683,32.4724,22.5829
5.05,8,163,7.43934,27.4176,16.3844
5.05,6,155,4.70322,18.1845,14.2153
5.05,5,89,6.11795,17.3151,12.66
5.05,6,95,5.50508,17.9556,12.7218
5.05,6,58,4.68872,20.5831,13.597
5.15,8,128,6.3122,22.5065,17.1371
5.15,7,81,6.00377,23.5343,13.5386
5.15,7,174,6.24173,26.155,16.67
5.15,4,67,3.33814,12.1475,8.28069
5.15,7,166,6.27796,22.28,16.9762
5.15,7,57,5.40141,22.3408,15.8848
5.15,11,198,9.34101,41.632,26.6231
5.15,6,70,4.17962,20.3801,17.1642
5.15,5,81,4.41934,12.4056,9.68505
5.15,6,91,5.01005,18.5438,13.2145
5.15,6,110,4.37463,16.7187,11.4425
5.15,6,77,5.33293,21.7865,18.5615
5.15,6,84,5.1738,20.6636,16.3952
5.15,7,54,4.4205,20.0256,14.1382
5.15,6,108,5.33941,18.8994,11.3654
5.15,7,92,5.96271,25.2549,18.2877
5.15,6,89,5.6981,20.8946,12.603
5.15,6,162,5.77358,16.8311,10.1171
5.15,6,75,4.65211,18.9826,13.6767
5.15,7,41,4.73266,19.3197,13.4243
5.15,5,114,4.81111,18.1386,11.9107
5.15,7,103,7.45178,19.5517,14.5952
5.15,7,71,5.32862,20.4618,14.059
5.15,5,94,5.52032,20.2074,15.2282
5.15,5,38,3.73393,14.4078,11.03
5.15,4,73,4.62431,12.6368,9.74046
5.15,7,55,5.79797,20.7417,16.0857
5.15,5,63,4.70076,17.1777,11.9432
5.15,7,47,4.51705,22.4732,14.8925
5.15,6,48,5.09609,17.5361,11.6083
5.25,5,85,5.19436,19.5568,15.7095
5.25,6,40,6.04813,21.5594,14.7638
5.25,4,43,3.66042,14.6207,13.1284
5.25,6,102,5.37452,19.8882,14.394
5.25,4,42,3.75763,14.6775,9.53653
5.25,5,54,3.43428,15.5314,11.2367
5.25,6,150,5.93698,21.5701,15.392
5.25,7,141,6.22773,18.5307,13.3862
5.25,7,57,5.94751,25.5887,20.0208
5.25,5,46,4.64891,17.6509,13.1688
5.25,5,92,5.26317,18.5264,13.6657
5.25,5,35,4.9071,18.7879,14.9209
5.25,5,167,5.20405,19.0128,13.3443
5.25,7,126,5.70726,25.0768,17.8897
5.25,10,122,8.01891,34.7156,25.461
5.25,6,103,5.65737,21.6644,16.0358
5.25,6,64,4.88337,21.8198,14.0162
5.25,6,46,4.19279,17.9789,13.613
5.25,6,110,3.90482,19.6597,16.3269
5.25,8,158,5.74689,29.3227,22.358
5.25,8,79,5.02472,24.9555,16.9697
5.25,7,76,6.49268,25.0795,19.2504
5.25,7,79,5.35953,22.8154,12.4451
5.25,6,113,5.82483,16.3791,11.8719
5.25,7,148,5.19442,22.6303,16.8521
5.25,6,62,6.09694,19.7348,16.0131
5.25,5,75,5.30416,15.9464,13.2117
5.25,7,71,6.96234,24.463,17.9925
5.25,5,81,4.74729,14.1862,10.7294
5.25,9,134,6.83986,32.443,20.1438
5.35,7,106,5.51837,23.6945,16.8745
5.35,6,172,4.01291,18.8926,15.2931
5.35,8,70,6.02357,27.2525,17.5125
5.35,9,98,8.24,31.4789,21.2255
5.35,8,142,7.0231,29.187,21.0832
5.35,6,156,5.38699,20.5578,14.1685
5.35,4,101,4.7296,14.2358,10.2315
5.35,7,117,6.21375,24.7065,17.0526
5.35,6,78,6.33009,21.8218,18.1354
5.35,5,64,4.09591,19.4691,14.464
5.35,7,107,6.27695,27.101,18.8061
5.35,4,98,4.80641,13.6663,10.1664
5.35,6,199,4.79027,19.0535,12.1219
5.35,5,104,5.16348,18.9595,14.105
5.35,6,41,4.90112,20.6753,17.4527
5.35,7,124,5.30201,23.9329,15.8989
5.35,5,103,4.76718,17.3492,12.9807
5.35,6,41,5.18892,18.4307,14.9471
5.35,6,60,4.65535,19.107,11.6499
5.35,4,133,4.1351,13.1764,11.0254
5.35,6,109,6.2397,21.6998,13.1318
5.35,5,72,3.4176,15.9029,11.8197
5.35,5,117,3.56917,15.5428,12.3438
5.35,5,66,5.44555,16.0151,12.3456
5.35,6,45,4.84088,17.6256,15.5154
5.35,5,96,4.745,17.5705,13.4256
5.35,5,74,3.54745,15.8087,12.533
5.35,6,68,5.21781,19.7323,14.9008
5.35,6,127,5.21652,19.9975,14.7643
5.35,8,81,6.16883,27.0746,17.2564
5.45,5,71,4.15462,17.9862,15.0345
5.45,6,134,5.99078,21.2721,17.1711
5.45,6,76,6.0801,21.9588,14.2245
5.45,5,95,5.56273,20.1264,12.5717
5.45,8,125,8.35937,30.8446,21.0223
5.45,6,115,6.07454,17.1297,13.6719
5.45,4,75,4.2729,15.3275,12.4595
5.45,6,38,5.82751,20.107,14.0115
5.45,4,73,5.02824,15.4803,9.86373
5.45,7,86,5.19554,19.5253,17.0136
5.45,7,67,7.42257,25.5589,18.4961
5.45,7,68,5.61631,24.4838,14.4356
5.45,5,72,5.64516,18.7108,10.8878
5.45,6,105,5.57812,21.3988,15.9328
5.45,6,47,4.72716,20.1522,14.4513
5.45,7,183,9.03766,22.9117,17.6528
5.45,6,159,5.38863,24.2731,15.9576
5.45,7,75,5.01516,24.9167,20.0545
5.45,5,57,5.14933,18.7786,12.8653
5.45,7,168,6.18676,23.8679,15.4926
5.45,6,142,5.02102,14.3754,9.01513
5.45,6,81,4.77813,21.6392,17.075
5.45,7,109,5.4631,22.3857,15.6254
5.45,5,59,5.41616,17.8448,10.7672
5.45,8,218,7.22953,29.0272,22.2578
5.45,9,112,7.10248,30.7183,21.3626
5.45,5,186,4.76778,16.2198,11.3663
5.45,7,61,6.43632,21.6308,12.2197
5.45,5,74,4.46849,18.9771,14.0003
5.45,5,37,5.11412,19.1772,13.5885
5.55,6,86,5.25642,19.8793,16.2229
5.55,6,89,5.34789,24.7836,16.368
5.55,6,95,5.13964,23.4724,15.174
5.55,6,50,4.84364,20.4012,13.5209
5.55,6,110,5.25392,21.6355,15.6829
5.55,5,67,4.83816,17.8394,12.1783
5.55,7,111,4.66099,23.9799,19.1292
5.55,7,44,5.02562,19.9683,12.4861
5.55,4,46,3.5262,15.4709,14.0143
5.55,7,150,5.69911,24.7814,16.6821
5.55,4,98,4.4352,15.4482,11.596
5.55,4,65,3.62209,15.2934,11.6188
5.55,6,101,4.95686,17.8785,13.3498
5.55,6,51,4.51283,23.118,18.288
5.55,6,106,4.59256,18.6668,12.1677
5.55,6,82,4.69853,21.1336,12.7752
5.55,8,54,5.19637,26.8005,20.4375
5.55,6,90,6.78101,19.9372,14.8929
5.55,7,110,6.2717,24.6734,19.0898
5.55,7,158,4.86339,21.6376,14.0806
5.55,7,98,6.39691,24.7475,16.0439
5.55,6,65,5.83298,19.5272,16.455
5.55,6,79,6.17943,26.7032,17.7869
5.55,6,131,4.6501,21.9635,16.9999
5.55,5,48,4.17703,13.1223,8.98514
5.55,5,38,4.98777,15.2885,12.0702
5.55,7,100,7.39399,25.6895,16.8693
5.55,9,109,8.14771,33.5537,20.6898
5.55,4,208,4.7779,10.9907,8.11481
5.55,4,96,4.64307,12.627,9.23921
5.65,8,66,4.82282,27.5756,18.1485
5.65,6,98,4.66084,20.6028,15.4447
5.65,6,82,7.29058,23.7027,16.3978
5.65,8,101,6.82486,31.9189,23.9625
5.65,6,51,5.09618,20.7286,14.0374
5.65,5,122,4.44774,15.7236,10.3183
5.65,6,82,5.31365,20.2122,13.2854
5.65,5,56,5.36307,17.6818,14.5173
5.65,5,69,4.01812,14.7763,11.7172
5.65,8,67,6.66041,24.8707,19.0945
5.65,5,72,4.00828,15.2166,12.8061
5.65,7,58,6.28529,22.0716,16.4935
5.65,7,100,6.56813,24.5019,19.2212
5.65,6,48,3.15783,20.3031,14.9452
5.65,7,136,6.7617,26.8957,18.445
5.65,5,57,4.83562,19.206,14.649
5.65,7,62,5.07468,21.3593,18.0726
5.65,5,60,4.79232,15.1709,11.3298
5.65,8,91,6.58699,24.7268,16.9278
5.65,8,89,6.86213,23.3905,17.7788
5.65,5,127,3.4512,17.5975,13.7499
5.65,7,64,5.84272,23.9022,19.2123
5.65,5,89,5.07965,15.4701,10.2489
5.65,5,80,4.95712,19.6513,13.2657
5.65,6,111,5.1836,24.6752,19.7982
5.65,6,79,5.3789,20.2417,13.3791
5.65,5,175,4.5148,15.4179,10.6952
5.65,7,119,3.32816,19.6285,13.6517
5.65,6,79,5.04319,19.1864,13.6634
5.65,7,87,5.64346,24.348,17.9049
5.75,5,85,5.68678,17.9611,13.3019
5.75,5,64,5.52041,16.6749,13.7136
5.75,4,34,4.12004,15.0355,10.7764
5.75,6,57,6.25165,21.2811,17.4283
5.75,9,170,6.5131,31.1471,19.987
5.75,5,49,5.94254,13.4035,8.77573
5.75,7,112,7.74645,25.9147,20.0848
5.75,5,143,5.02409,19.6403,14.7049
5.75,7,159,8.31406,25.185,19.6044
5.75,10,127,11.3369,32.3972,20.7794
5.75,5,59,4.81472,15.0434,12.6922
5.75,4,174,4.16443,14.5656,11.1616
5.75,8,197,6.35974,27.2934,20.812
5.75,5,116,4.83788,17.565,13.7583
5.75,6,67,5.42725,20.0494,15.0097
5.75,6,52,4.69779,24.1226,16.5043
5.75,5,77,3.78648,15.618,12.2864
5.75,8,160,9.6027,29.6513,20.409
5.75,7,111,6.69197,20.6256,15.1311
5.75,7,81,6.58439,24.029,21.2737
5.75,5,140,5.96604,18.8542,14.7955
5.75,5,72,4.53424,18.5446,14.1608
5.75,7,129,5.65078,20.2094,14.1374
5.75,6,54,4.56983,20.6929,16.4858
5.75,6,49,4.80077,21.4844,14.0811
5.75,5,60,4.08757,13.8285,9.45807
5.75,5,38,4.67339,18.5222,12.5882
5.75,6,104,4.33469,24.5824,15.2303
5.75,6,87,5.55111,24.6653,15.9189
5.75,4,70,4.89362,12.4873,9.60474
5.85,6,73,3.73244,17.567,15.7405
5.85,5,122,5.33832,18.1691,12.2717
5.85,7,177,5.66409,19.8656,14.7782
5.85,5,52,4.91367,17.0982,13.1132
5.85,5,101,4.98095,16.2692,12.5829
5.85,8,145,7.86398,32.3403,21.7209
5.85,4,54,3.0729,16.539,13.18
5.85,5,105,4.71324,19.3811,13.9115
5.85,8,136,5.924,24.0865,17.5876
5.85,4,50,3.91094,12.4946,8.8313
5.85,6,121,5.29755,22.0243,18.6976
5.85,5,195,4.85281,18.3681,12.9592
5.85,7,67,6.25482,26.827,19.3762
5.85,5,64,4.40195,13.7838,10.4534
5.85,6,67,4.73164,19.0892,14.5855
5.85,6,57,5.13177,22.7125,15.9399
5.85,6,51,5.11628,23.3382,17.8692
5.85,4,119,3.54811,15.9564,11.3028
5.85,7,56,5.23939,21.9156,16.0906
5.85,5,100,5.49447,19.4116,15.4106
5.85,6,133,4.93289,18.9065,15.359
5.85,7,95,5.78969,21.089,14.9105
5.85,4,35,4.52777,14.8799,11.1938
5.85,7,134,7.25722,23.1891,16.3463
5.85,6,52,5.67244,21.2429,15.185
5.85,5,146,4.77317,17.7669,14.2664
5.85,5,47,5.42424,15.0539,11.1738
5.85,4,96,4.40345,14.0545,10.2407
5.85,6,133,4.86999,20.1723,15.4996
5.85,5,82,5.20203,17.6968,13.2665
5.95,5,116,5.15393,19.3879,14.2116
5.95,5,60,5.20843,16.8778,12.2662
5.95,6,121,6.13368,19.7442,16.2866
5.95,5,54,5.78303,17.6375,10.1355
5.95,5,54,5.01959,18.8753,13.4874
5.95,7,58,4.59646,20.2856,13.8116
5.95,7,74,6.19501,26.5527,19.3951
5.95,6,88,5.06559,21.5977,16.4274
5.95,5,106,6.18283,17.1943,13.1896
5.95,5,46,4.28173,17.5833,11.501
5.95,7,130,6.70241,25.105,17.7884
5.95,5,76,4.24943,17.8701,13.8283
5.95,6,52,4.53805,19.845,16.1826
5.95,8,118,7.63268,29.6486,17.6185
5.95,7,165,8.81804,25.9426,16.7482
5.95,5,120,4.48465,18.5541,14.809
5.95,6,68,4.41038,19.7021,14.3749
5.95,6,83,5.39087,23.9952,13.8341
5.95,5,91,3.83542,14.5964,10.4017
5.95,7,69,5.99124,27.2145,17.7872
5.95,5,40,3.71993,18.7359,14.5435
5.95,5,89,5.25736,16.9551,11.1499
5.95,5,58,3.87099,16.6113,14.7393
5.95,5,60,4.99203,16.1621,10.841
5.95,5,60,4.94428,18.3245,12.9624
5.95,5,48,4.75323,21.356,16.6814
5.95,6,90,5.45932,21.715,15.6479
5.95,5,165,3.66715,21.0204,15.4271
5.95,8,133,5.63683,25.2146,16.8125
5.95,5,74,5.18305,19.3667,16.3524
6.05,5,106,3.88245,21.2388,15.5142
6.05,7,167,5.88655,31.47,21.0881
6.05,5,106,5.29537,18.7286,13.98
6.05,6,58,5.63748,23.3762,16.9219
6.05,5,112,4.69011,14.3954,11.4105
6.05,7,85,5.73425,21.9516,14.1906
6.05,6,91,5.73596,26.9215,19.5931
6.05,5,47,5.17025,17.1029,12.3146
6.05,5,65,4.98376,20.6919,15.8944
6.05,6,79,5.79443,19.9346,15.4932
6.05,5,131,4.88665,20.5874,14.0711
6.05,5,64,5.3129,21.2492,15.5274
6.05,5,136,4.55797,15.2209,9.26191
6.05,6,107,5.24568,23.6682,15.4558
6.05,7,201,7.02411,27.9108,20.7044
6.05,7,88,6.26736,23.7428,19.2651
6.05,5,179,5.38379,17.9629,14.3048
6.05,6,122,5.82802,24.0444,16.9109
6.05,7,90,7.46497,25.3007,18.055
6.05,7,85,6.68153,27.4957,19.304
6.05,5,119,3.95555,14.4295,9.80551
6.05,6,161,6.07593,20.4632,13.623
6.05,5,104,5.66989,19.5329,16.4405
6.05,6,71,6.7449,25.4968,17.3131
6.05,5,47,3.22365,17.8787,13.6712
6.05,8,213,7.21016,29.7694,20.5854
6.05,4,73,4.70907,11.9086,8.71636
6.05,4,32,3.74564,11.3691,7.42082
6.05,6,137,5.11405,25.3847,18.2863
6.05,4,46,4.12954,17.5279,12.0722
6.15,7,192,5.56138,26.8943,18.372
6.15,6,113,4.89436,20.1568,14.3429
6.15,6,91,3.91142,21.7184,17.5022
6.15,4,96,4.37847,14.1405,9.83281
6.15,8,130,5.3437,35.6368,28.5549
6.15,4,40,3.42489,16.0998,12.8497
6.15,6,88,5.94782,25.7452,21.1312
6.15,6,141,4.62759,23.3643,14.4558
6.15,5,91,5.62791,18.6676,13.8964
6.15,6,84,5.04133,20.0644,14.8538
6.15,6,114,4.84155,18.1928,12.8884
6.15,4,42,4.14324,15.521,14.1133
6.15,4,111,3.69447,14.2445,10.32
6.15,7,77,8.8779,26.0996,18.9699
6.15,5,102,3.64078,20.21,15.8083
6.15,9,119,9.51161,31.1387,20.6003
6.15,5,102,4.8413,13.5481,10.5104
6.15,6,52,5.09077,16.7708,10.8035
6.15,5,62,4.67698,20.4863,16.6872
6.15,5,88,5.11906,19.1262,14.9825
6.15,5,98,5.20232,21.5392,15.2224
6.15,11,290,9.41817,43.367,27.8886
6.15,7,82,5.75653,25.7914,17.0453
6.15,6,113,4.13048,25.0459,18.2307
6.15,6,47,4.07325,24.0244,15.6463
6.15,6,87,6.70525,26.1687,21.0495
6.15,6,127,5.23963,18.187,14.8657
6.15,6,85,4.48141,20.3614,16.6584
6.15,6,126,6.16211,21.7419,17.3205
6.15,5,35,3.78932,12.8732,8.60633
6.25,6,60,5.45256,27.6462,15.6278
6.25,4,38,4.00285,15.8206,10.9793
6.25,7,102,6.31104,24.1856,18.5472
6.25,8,78,7.35658,25.224,16.7613
6.25,5,148,5.68669,17.904,12.5191
6.25,5,45,4.64618,19.5543,15.018
6.25,6,73,4.74928,22.0913,14.2121
6.25,5,111,4.77987,18.254,14.4126
6.25,8,138,7.53732,30.0537,20.471
6.25,5,50,5.66084,17.5178,11.9323
6.25,7,107,4.85194,25.6889,17.3899
6.25,5,106,4.45133,21.6619,15.1786
6.25,4,79,4.57726,11.997,9.06398
6.25,6,63,4.51756,22.9365,16.1127
6.25,6,79,4.73354,20.3012,13.9711
6.25,5,108,3.86189,19.3782,12.8983
6.25,5,80,4.08353,19.7692,15.8555
6.25,6,54,4.51082,20.748,13.7659
6.25,7,196,6.58255,25.4718,17.0073
6.25,5,66,4.22431,19.3989,13.5599
6.25,7,110,6.18236,23.7958,18.7521
6.25,7,96,5.16179,26.5872,17.9853
6.25,5,50,5.24232,20.5479,15.0475
6.25,7,170,7.77538,28.3163,21.6006
6.25,9,181,7.02429,28.6792,21.4835
6.25,7,127,6.53081,30.2883,21.0544
6.25,9,156,7.42103,34.25,21.8173
6.25,6,186,4.50801,23.5439,17.5531
6.25,5,63,5.58091,20.5201,16.4847
6.25,4,52,3.77194,15.8254,13.0054
6.35,6,97,6.00875,19.5619,14.0068
6.35,8,114,7.82811,34.0039,23.1709
6.35,5,74,4.58664,21.8805,13.7779
6.35,5,42,5.24465,17.5264,12.3382
6.35,5,124,3.76955,13.8995,11.4246
6.35,5,186,3.75674,20.3481,12.7661
6.35,6,166,5.5465,18.7442,13.9217
6.35,5,97,3.3059,14.6083,10.5128
6.35,6,81,6.52444,23.531,15.9372
6.35,6,45,4.97093,20.299,14.6715
6.35,7,95,5.6032,26.7444,19.7141
6.35,5,37,4.82932,16.169,12.0228
6.35,4,43,4.28966,13.9899,8.51402
6.35,7,165,6.11143,22.7767,14.7851
6.35,5,121,3.89182,17.5047,10.6945
6.35,5,70,3.39101,19.0311,14.4809
6.35,4,30,3.63671,16.1488,11.2878
6.35,4,51,3.61242,18.2902,15.8263
6.35,7,89,5.29211,28.1885,16.3936
6.35,6,41,5.5311,19.1064,13.9242
6.35,5,61,4.73655,19.124,13.3371
6.35,5,56,3.29457,16.9772,11.5452
6.35,6,75,4.94425,22.5768,18.3088
6.35,7,123,6.4944,21.4563,14.5972
6.35,7,98,6.85445,28.1015,21.0957
6.35,7,61,5.29692,23.0935,18.4416
6.35,5,43,5.77891,20.703,15.8984
6.35,5,86,4.10591,15.7497,11.1175
6.35,6,189,5.97693,25.5762,18.0567
6.35,5,64,3.91191,19.6081,13.1298
6.45,6,66,4.26914,17.6636,12.9091
6.45,7,120,5.79622,28.7843,18.1449
6.45,5,151,4.30036,17.2497,13.1529
6.45,6,80,7.271,22.1734,14.4609
6.45,5,107,4.41595,18.9075,14.0861
6.45,6,122,4.98939,22.1551,15.3572
6.45,8,136,7.10176,27.9453,19.2301
6.45,8,121,6.7246,28.1428,18.9881
6.45,4,81,3.94572,15.8688,11.8234
6.45,6,94,5.85132,24.2697,19.6933
6.45,5,26,3.56728,13.9474,9.94861
6.45,4,56,4.9573,11.6045,8.03254
6.45,5,205,6.02146,18.3764,13.8055
6.45,5,79,4.89915,20.1458,12.3005
6.45,6,118,6.47882,22.8052,15.4143
6.45,4,47,3.90985,17.6612,14.4024
6.45,8,100,8.25545,33.1359,22.4027
6.45,6,86,5.53048,24.1375,17.606
6.45,6,123,3.92676,17.1906,12.7797
6.45,5,87,3.56156,19.1086,15.7608
6.45,6,95,4.52117,22.137,16.775
6.45,5,87,4.69687,17.6851,12.2823
6.45,6,101,4.88433,20.2468,14.8083
6.45,5,122,4.30632,19.2365,16.7367
6.45,6,77,5.2885,22.8036,16.8408
6.45,6,49,5.85824,26.5648,19.9518
6.45,7,187,6.37353,30.3027,20.462
6.45,5,148,4.43119,18.6405,12.7912
6.45,6,71,5.36273,22.9625,18.6339
6.45,6,108,4.25579,18.8998,12.0504
