extend,number_of_states,RRT_execution_time,gripper_distance_cart,robot_distance_jointspace,path_exec_time
0.95,14,42,6.37992,11.5934,8.31231
0.95,15,45,7.30009,13.2066,9.74355
0.95,20,113,10.8652,17.1012,12.5465
0.95,14,31,7.40843,12.2063,8.12555
0.95,16,65,9.43689,13.3928,9.8422
0.95,19,71,9.81515,16.4136,10.8334
0.95,15,34,6.6826,12.7709,9.20716
0.95,19,59,8.18178,16.8329,10.9815
0.95,15,65,8.0073,12.5391,9.25782
0.95,13,36,7.05563,10.5809,7.71919
0.95,16,58,7.10619,13.8923,9.84783
0.95,18,52,8.85551,15.7725,12.2837
0.95,13,22,7.07605,10.7678,7.16167
0.95,17,69,8.58251,14.6931,11.0559
0.95,15,31,6.92739,12.7919,9.27029
0.95,20,78,8.73166,17.6725,12.5034
0.95,18,52,7.64833,15.5422,11.1334
0.95,17,81,6.54268,14.4885,11.401
0.95,15,64,7.90206,12.7834,9.051
0.95,15,44,7.44097,12.8527,7.92769
0.95,16,79,8.22101,13.8416,9.54635
0.95,15,72,9.15724,12.5776,8.1235
0.95,14,40,7.36882,11.9937,8.77482
0.95,14,48,8.05343,12.1206,8.40852
0.95,15,48,7.27616,13.0074,9.3841
0.95,12,29,7.21986,10.2876,7.11899
0.95,13,27,6.64964,10.722,7.16702
0.95,15,54,8.43256,13.0906,9.2603
0.95,20,114,9.76315,17.2511,13.3299
0.95,19,323,9.42918,16.3076,10.9638
0.95,18,80,9.93542,15.2789,10.2275
0.95,19,68,7.93528,16.7206,10.8382
0.95,13,61,7.50435,11.1897,7.68383
0.95,13,25,7.02326,11.3358,7.89354
0.95,18,186,7.95731,15.3685,10.2302
0.95,15,43,8.37658,12.7847,9.04406
0.95,15,57,7.87546,12.9549,9.15974
0.95,15,58,8.36542,13.2158,9.81385
0.95,24,91,10.3734,21.6457,14.3775
0.95,15,37,6.30726,12.5552,8.4684
0.95,13,25,7.73107,10.5678,7.63921
0.95,15,49,7.44766,12.6843,8.26643
0.95,13,27,7.22388,11.0913,7.07371
0.95,13,28,7.2845,11.0947,7.59256
0.95,13,35,7.30558,10.785,7.31052
0.95,14,73,7.30241,12.1168,8.8731
0.95,15,36,7.85728,12.4671,8.67123
0.95,19,111,10.2394,16.6122,10.8731
0.95,14,64,7.41322,12.0343,8.76862
0.95,18,59,8.79113,15.5011,12.2404
0.95,16,58,7.98885,13.3294,9.58427
0.95,15,78,7.72701,13.1109,9.73403
0.95,15,64,7.64551,12.9428,10.0397
0.95,14,33,7.49996,11.7729,8.22074
0.95,18,47,9.6352,15.3115,10.2081
0.95,15,38,6.98764,12.7701,9.33761
0.95,17,140,8.35664,14.3741,10.2856
0.95,16,173,8.66833,14.1036,10.5124
0.95,18,83,8.65258,15.8415,12.0233
0.95,13,33,7.3284,11.0831,8.07816
0.95,15,55,7.66132,12.6847,9.60051
0.95,13,28,6.9374,10.8285,7.26339
0.95,19,62,7.91677,16.2897,11.595
0.95,15,67,8.44962,13.0259,9.69858
0.95,14,39,7.69689,11.9965,8.28607
0.95,14,56,8.20862,11.4091,8.79432
0.95,20,117,10.3458,17.6835,12.2957
0.95,15,54,8.22847,13.1038,9.6076
0.95,14,35,7.04748,11.4088,8.86968
0.95,12,28,6.97264,10.4147,6.75367
0.95,14,43,8.2518,12.2267,8.22987
0.95,13,32,6.7048,11.2421,8.47809
0.95,22,136,8.29331,19.3113,12.674
0.95,18,74,8.05976,15.6276,11.3927
0.95,12,23,7.25803,9.74421,6.49054
0.95,18,40,8.76042,15.6275,10.4535
0.95,16,73,9.24927,14.222,10.8579
0.95,14,65,7.60284,11.7201,9.15424
0.95,15,86,7.84734,13.0128,9.11846
0.95,16,29,8.03762,13.5589,9.52239
0.95,13,31,6.72134,11.1185,7.34311
0.95,13,41,6.81456,11.1853,8.2579
0.95,14,46,6.8467,11.5926,8.36972
0.95,16,47,8.80319,14.216,10.7045
0.95,17,69,7.31486,14.3059,11.5392
0.95,14,31,6.78787,11.939,8.25936
0.95,16,81,7.73164,13.9421,10.2963
0.95,16,62,7.49896,13.3682,9.76546
0.95,16,59,7.5511,13.7245,9.52675
0.95,14,42,7.08638,11.6326,8.19778
0.95,15,42,8.23143,12.8602,9.43737
0.95,13,33,7.20331,11.3903,7.56724
0.95,24,85,10.6458,21.5345,14.4636
0.95,17,52,9.17264,14.3495,9.74344
0.95,22,82,8.82117,19.792,13.8207
0.95,13,33,7.337,10.7464,7.0574
0.95,19,98,9.66011,16.7324,10.312
0.95,13,81,7.53896,11.0075,8.06927
0.95,17,53,8.15549,14.5792,10.3682
0.95,25,164,10.3439,22.3106,16.1133
0.95,13,28,6.86772,10.9073,7.8065
0.95,16,56,7.31033,14.0497,10.8474
0.95,18,50,10.1808,15.3156,11.2869
0.95,15,67,7.53911,12.5989,9.36684
0.95,17,44,8.27003,14.6423,8.65432
0.95,13,46,6.8435,10.9894,8.66491
0.95,15,53,8.01054,12.5129,8.77172
0.95,25,132,8.45689,22.6726,16.7612
0.95,15,79,7.28712,12.3937,8.74782
0.95,18,67,8.2136,15.6416,11.6709
0.95,18,72,7.59589,16.0755,11.616
0.95,13,42,6.39811,11.2498,8.01374
0.95,13,39,6.65649,11.284,8.59006
0.95,12,41,7.13654,10.4374,6.57521
0.95,16,195,7.88708,14.0016,10.2764
0.95,14,38,7.54407,12.1435,7.8068
0.95,18,68,8.70584,15.3336,10.994
0.95,19,110,8.34614,16.4348,12.1386
0.95,17,56,9.2061,14.8546,10.0834
0.95,17,62,7.98004,14.5164,10.4419
0.95,27,122,13.034,24.3036,16.1782
0.95,16,125,7.45277,13.8809,9.20051
0.95,15,86,9.14441,12.9036,8.45949
0.95,16,52,7.7946,13.5625,9.50177
0.95,13,27,6.36745,10.498,7.30101
0.95,15,56,7.17417,12.4999,9.55034
0.95,14,27,6.63941,12.1321,7.43362
0.95,18,72,9.7826,15.48,10.9868
0.95,14,29,6.76396,11.404,7.31489
0.95,14,62,6.49815,12.3302,9.21028
0.95,14,54,7.47575,11.6112,8.97401
0.95,14,63,6.24722,11.9938,8.55985
0.95,13,45,7.03609,11.3429,8.65453
0.95,16,62,7.91901,13.6524,11.4978
0.95,14,136,7.11005,12.0458,8.60394
0.95,16,57,7.73868,13.6132,8.7285
0.95,14,58,7.25539,11.6624,8.5132
0.95,19,85,9.56283,16.6224,11.0922
0.95,13,43,7.32463,11.3618,8.7864
0.95,14,53,6.35522,11.9112,7.92909
0.95,15,57,6.94109,12.6458,9.17219
0.95,13,39,7.4191,11.3964,7.78414
0.95,16,90,7.45576,13.9807,9.73848
0.95,15,54,7.52508,13.2035,9.75814
0.95,14,51,7.47289,12.0953,8.73683
0.95,16,40,8.25013,13.9622,10.1602
0.95,21,68,8.54865,18.9615,13.2191
0.95,15,59,7.80137,12.694,9.05612
0.95,22,152,9.42698,19.6384,13.7391
0.95,13,45,6.98357,10.9236,7.34233
0.95,14,30,8.69283,11.8388,7.61197
0.95,13,26,7.00845,11.0776,7.65785
0.95,17,52,6.37578,14.5236,10.8923
0.95,14,76,7.22325,11.4905,7.97055
0.95,16,57,7.8843,13.7689,9.76586
0.95,17,77,8.13126,14.9446,10.9982
0.95,14,48,7.97339,12.0278,8.35777
0.95,13,59,7.39547,11.0781,7.79458
0.95,15,40,7.47445,13.0851,10.3892
0.95,19,65,8.09155,16.1635,12.0528
0.95,13,40,7.23907,10.4742,7.71613
0.95,16,54,8.30148,14.1738,9.47568
0.95,17,130,8.18498,15.1673,11.3562
0.95,15,71,7.46336,13.2601,8.67718
0.95,18,69,8.29347,15.4484,11.1475
0.95,13,25,7.219,10.9622,7.99492
0.95,14,52,7.97075,12.0321,7.68624
0.95,13,23,7.15253,11.1159,7.5661
0.95,16,52,8.7183,13.5139,10.0902
0.95,20,79,10.7385,17.1469,12.3057
0.95,14,43,6.85196,12.1995,7.93878
0.95,13,41,7.44598,11.093,7.51219
0.95,15,75,7.00375,12.6932,10.066
0.95,12,28,6.83748,9.98846,7.22081
0.95,21,83,10.6591,18.1201,12.905
0.95,15,46,7.64883,12.8169,8.12224
0.95,13,40,7.47209,11.3593,7.97919
0.95,14,166,7.3934,12.2102,9.32413
0.95,13,51,7.02099,10.7431,8.09595
0.95,13,30,6.78707,11.221,7.4205
0.95,20,66,8.08689,17.6749,13.9876
0.95,17,68,7.60827,14.3642,10.4128
0.95,21,96,9.12621,18.2442,13.084
0.95,20,53,8.46284,17.496,12.6963
0.95,14,38,7.36497,11.5205,8.19808
0.95,13,42,7.84955,11.0556,7.44161
0.95,20,80,8.50082,17.4469,11.5251
0.95,14,27,7.85767,11.5951,8.14908
0.95,18,68,9.15956,15.7249,11.6525
0.95,14,58,7.56413,12.1582,8.54162
0.95,15,51,7.3981,13.0732,10.0488
0.95,18,92,8.74006,15.3125,11.3856
0.95,15,65,7.01115,13.2643,9.35285
0.95,15,77,7.91755,13.1256,8.42175
0.95,13,35,7.96444,11.1603,7.55705
0.95,21,129,10.2909,18.2742,12.33
0.95,14,40,7.95196,12.2173,8.80881
0.95,17,40,8.50357,14.5063,9.73733
0.95,13,23,8.47114,11.28,7.795
0.95,16,63,9.4067,13.9318,9.50639
0.95,13,33,6.90863,10.9303,7.40854
0.95,15,60,7.283,12.7263,9.9962
0.95,15,31,7.79448,12.5465,7.35347
0.95,17,64,7.88221,14.6286,10.6146
0.95,20,243,8.88805,17.9503,14.0905
0.95,15,59,6.74153,13.0252,9.17851
0.95,16,101,8.02694,13.514,9.79929
0.95,14,58,7.61279,11.4607,8.7891
0.95,14,46,6.84989,11.9629,9.66779
0.95,14,39,6.99112,11.8182,8.97425
0.95,15,69,7.73909,12.3904,9.34384
0.95,14,49,7.10195,12.23,8.18227
0.95,12,27,6.86723,9.65268,6.43884
0.95,15,159,7.25798,12.368,9.17076
0.95,13,25,7.627,10.9335,8.12795
0.95,18,175,8.8492,15.3678,10.9891
0.95,13,28,7.42078,10.5097,6.93441
0.95,21,74,10.4287,18.2015,13.5482
0.95,17,51,8.29615,14.7227,10.5269
0.95,17,159,7.45963,14.491,11.4196
0.95,13,74,7.28148,11.1634,8.14991
0.95,16,63,6.74014,13.8629,10.2247
0.95,13,41,7.33721,11.1752,7.57755
0.95,20,84,7.98424,17.2136,12.2503
0.95,17,91,7.9419,14.4064,11.6513
0.95,17,87,8.19048,14.9163,11.6139
0.95,15,45,7.52602,12.5885,9.33977
0.95,14,49,7.21677,11.6145,8.53163
0.95,13,35,7.10358,11.0763,7.92898
0.95,19,162,8.60443,16.8121,12.5367
0.95,16,36,7.94569,13.7803,10.2552
0.95,13,26,6.60571,10.7185,7.48171
0.95,17,73,8.86897,14.8299,11.2537
0.95,13,30,6.9197,11.257,8.20379
0.95,19,93,8.44888,16.8612,12.1808
0.95,15,77,9.64114,13.2339,8.97262
0.95,14,63,7.08311,12.3171,8.30409
0.95,13,25,7.56139,11.2028,7.66849
0.95,15,82,7.47165,12.7313,9.53624
0.95,16,65,7.36627,13.84,10.7886
0.95,20,131,8.93306,17.517,12.9924
0.95,15,54,7.72914,12.8797,10.2813
0.95,14,33,7.02194,11.941,9.12925
0.95,14,42,7.42729,11.65,8.34316
0.95,14,32,7.27654,11.8118,7.20382
0.95,12,28,6.90719,9.96588,6.4319
0.95,12,26,6.27695,9.69653,6.71026
0.95,15,35,7.48354,12.7318,8.17363
0.95,18,103,8.93697,15.6143,11.8833
0.95,17,67,8.33466,14.7085,10.4447
0.95,15,49,6.97205,12.7318,9.746
0.95,13,31,6.7199,10.4508,7.18049
0.95,20,60,9.54801,17.6661,13.118
0.95,13,29,7.16993,11.3904,7.5283
0.95,17,85,7.47579,15.0742,11.9826
0.95,19,97,8.92424,16.861,10.6434
0.95,17,82,8.43273,14.9018,11.3899
0.95,13,22,6.8732,10.7141,7.62582
0.95,16,57,9.35265,13.4239,9.40523
0.95,16,49,8.49383,13.64,8.66577
0.95,22,84,9.85699,19.1325,12.5554
0.95,13,32,6.48227,11.3001,8.46108
0.95,16,54,7.83717,13.4283,9.5996
0.95,15,46,7.21809,13.159,10.3417
0.95,14,36,7.58184,12.2064,9.516
0.95,21,63,8.25826,18.165,13.6939
0.95,16,44,9.22477,14.1868,9.35807
0.95,20,255,8.58886,17.4129,11.9615
0.95,15,35,7.4348,13.2991,9.45403
0.95,12,24,6.8593,10.1828,6.76237
0.95,18,119,8.14129,15.7773,12.3206
0.95,15,45,7.63372,12.6312,9.01354
0.95,13,22,7.24755,10.8933,8.16808
0.95,13,28,7.12343,10.7135,7.02921
0.95,13,51,7.53137,11.2735,7.77738
0.95,14,38,6.46635,12.0536,8.05769
0.95,16,69,8.90221,13.5689,9.51131
0.95,14,91,7.40211,11.5991,9.0453
0.95,14,31,7.1496,12.2156,8.03548
0.95,14,56,7.5668,12.2417,8.26391
0.95,16,77,8.31965,13.8514,9.86453
0.95,15,52,6.89571,12.4495,9.30598
0.95,19,325,9.63774,16.8545,11.6186
0.95,20,148,9.05012,17.122,12.9536
0.95,21,113,11.2789,18.7828,14.039
0.95,15,25,7.75858,12.5488,8.79281
0.95,14,33,7.35145,12.1162,7.50916
0.95,16,98,9.05353,13.7143,8.54312
0.95,15,46,8.11858,12.4336,8.76726
0.95,19,58,9.37336,16.7536,12.8598
0.95,17,57,8.19689,14.93,10.8789
0.95,14,32,7.70342,12.3183,9.10079
0.95,24,112,10.5298,21.4802,14.9592
0.95,22,134,9.49311,18.9156,12.6912
0.95,18,128,8.89864,15.4614,10.0724
0.95,16,66,7.01057,13.4944,9.3912
0.95,14,31,7.35771,11.7134,7.97868
0.95,21,148,9.39183,18.714,13.2717
0.95,13,32,7.35772,10.8012,7.61452
0.95,13,37,6.49311,11.0402,7.43303
0.95,17,111,8.57988,14.5063,9.54897
0.95,17,152,8.80925,14.4114,10.6373
0.95,18,81,8.87923,15.3842,10.5737
0.95,14,31,7.19867,11.4577,8.05205
0.95,19,76,9.53309,16.9438,10.2905
0.95,14,41,7.48027,11.8932,8.60956
0.95,16,48,7.56093,13.7215,10.7782
0.95,15,40,7.10778,12.6348,8.31975
0.95,14,52,8.42989,12.2007,8.88414
0.95,20,87,10.3344,17.8327,12.4981
0.95,15,56,7.7284,12.9059,8.96916
0.95,21,86,9.4603,18.6173,13.7393
0.95,20,137,7.81253,17.2804,13.0488
0.95,13,25,7.23474,10.5474,7.48239
0.95,17,64,8.71653,15.0868,12.4373
0.95,16,52,7.73381,13.8385,10.6518
0.95,14,31,7.77947,11.968,7.27935
0.95,14,24,6.97757,12.0414,9.55398
0.95,15,42,8.31911,12.8743,8.40663
0.95,15,33,8.34955,12.6655,8.79775
0.95,14,38,8.2866,11.908,9.20277
0.95,14,24,7.5542,12.2462,9.24868
0.95,13,42,6.45974,11.3163,8.39357
0.95,13,50,7.60903,11.1416,7.33591
0.95,22,160,9.94492,19.3911,13.7373
0.95,15,92,7.28077,13.1256,9.6586
0.95,16,99,8.15942,14.0997,11.2081
0.95,13,27,6.45212,10.6329,7.28632
0.95,15,62,8.21373,13.177,9.46925
0.95,14,41,7.21037,11.5278,9.18282
0.95,17,121,9.05871,15.1611,10.7145
0.95,17,45,7.63698,14.2596,9.17963
0.95,13,25,7.7295,10.9957,7.69489
0.95,14,56,6.96217,12.2043,9.3282
0.95,18,73,8.09474,15.8285,11.154
0.95,16,40,8.77101,13.4482,9.53966
0.95,14,29,8.33001,11.6463,7.81496
0.95,14,42,8.07739,11.7076,9.39132
0.95,15,126,6.59241,13.0114,9.16956
0.95,14,36,7.94315,11.9463,9.01006
0.95,12,26,6.69163,10.1405,7.00633
0.95,18,105,8.65018,15.5185,11.5691
0.95,17,210,10.0547,15.1843,10.5162
0.95,15,65,8.42125,12.7986,8.37674
0.95,15,76,7.95965,13.2389,9.89031
0.95,14,66,7.08176,11.8219,9.38222
0.95,15,40,7.18947,13.0939,9.63838
0.95,19,86,9.78767,16.8758,12.2894
0.95,14,31,7.28093,12.1673,8.35597
0.95,15,57,6.98779,12.9994,9.28898
0.95,17,73,8.29844,14.8138,11.08
0.95,15,43,7.66498,12.7208,9.56283
0.95,15,172,8.55398,12.4867,9.02444
0.95,13,20,6.767,10.6519,7.4094
0.95,16,110,7.94294,13.3201,9.08527
0.95,14,54,6.92148,11.6761,7.25166
0.95,17,63,8.32485,14.8,11.1057
0.95,20,76,9.01405,17.3366,11.3434
0.95,14,36,7.3653,12.229,9.14283
0.95,13,26,7.41378,10.6439,7.07667
0.95,16,65,8.65995,13.4718,9.36076
0.95,18,81,7.40222,16.0813,12.1843
0.95,16,48,7.51843,13.3369,9.65686
0.95,14,57,7.37521,11.4965,7.04015
0.95,16,140,7.72268,14.1157,9.63373
0.95,18,336,8.61521,15.5897,10.6777
0.95,21,93,9.97478,18.7676,13.6779
0.95,17,53,6.5446,14.4656,10.5616
0.95,17,59,8.43932,14.8759,10.0342
0.95,17,82,9.14565,15.0004,11.3308
0.95,15,57,7.95538,13.0321,9.47856
0.95,15,54,7.34174,12.8254,7.87357
0.95,16,82,7.22362,13.4317,9.8479
0.95,18,77,8.22643,16.124,11.5966
0.95,13,43,7.07935,10.8606,7.66494
0.95,18,42,9.42332,15.464,11.0956
0.95,16,65,8.58564,14.1455,10.6863
0.95,13,30,6.83457,10.6706,7.04376
0.95,17,69,7.77159,15.1314,10.3062
0.95,15,88,7.53581,13.0225,10.209
0.95,16,61,7.2634,13.419,10.3375
0.95,13,46,7.58418,11.3969,8.33291
0.95,15,62,7.14101,13.2322,9.1497
0.95,15,49,7.0125,12.7085,8.16918
0.95,15,27,7.04052,12.4239,8.86123
0.95,14,80,8.19504,12.2245,9.38874
0.95,14,63,7.36088,11.4944,8.10776
0.95,15,180,6.75044,13.2486,10.8388
0.95,12,29,6.77562,9.80861,6.68187
0.95,15,67,7.34005,13.2375,9.10183
0.95,15,48,7.55104,12.5931,9.40041
0.95,14,39,7.1849,11.85,8.32057
0.95,17,116,9.0725,14.8903,10.8303
0.95,13,29,8.11339,10.5652,6.99667
0.95,15,59,8.54558,13.0988,8.93409
0.95,16,62,7.63167,13.9084,9.64254
0.95,21,96,8.38579,18.3239,13.6289
0.95,16,70,7.41838,14.0564,10.2354
0.95,15,49,7.96446,12.4109,8.05818
0.95,13,32,6.37656,11.2165,7.30064
0.95,17,111,7.57129,14.7382,11.3482
0.95,15,33,7.88237,12.6203,7.63718
0.95,17,78,8.5515,14.6567,10.2377
0.95,16,57,9.6369,13.7298,10.5717
0.95,17,95,7.24763,15.0624,10.2653
0.95,18,170,9.49374,15.8844,11.7846
0.95,15,55,6.50464,13.2702,9.48357
0.95,19,78,7.87885,16.5797,11.5546
0.95,14,43,7.1783,12.0579,8.03779
0.95,13,48,7.79083,11.3028,8.66117
0.95,18,114,9.1895,15.959,11.5485
0.95,15,46,6.5251,13.1618,9.64806
0.95,15,41,8.91916,13.1841,8.99547
0.95,21,107,10.4166,18.9165,13.486
0.95,13,45,6.48814,10.7995,8.04806
0.95,17,52,8.56031,14.4636,9.8667
0.95,15,60,8.50161,12.5164,9.6862
0.95,19,61,8.7283,16.2822,10.6352
0.95,13,75,7.35032,11.3768,7.63632
0.95,14,40,6.96218,12.3171,8.38848
0.95,14,64,7.73518,11.4646,8.65592
0.95,16,78,6.67151,13.9572,9.72329
0.95,23,77,9.64081,19.9793,12.7631
0.95,14,44,8.08206,11.7715,8.12567
0.95,16,47,7.51313,13.7021,8.99028
0.95,14,49,7.8223,12.1809,8.79026
0.95,15,34,7.81273,12.6024,8.45417
0.95,19,216,8.11548,16.2222,11.2752
0.95,15,49,8.9433,13.1623,9.54601
0.95,17,42,9.0422,14.5348,10.9388
0.95,14,47,7.60012,12.0264,8.71096
0.95,17,58,7.64732,14.3718,9.67966
0.95,15,36,7.06986,12.4789,9.50343
0.95,17,48,7.55927,14.5135,9.86801
0.95,12,27,7.19806,10.4264,7.36908
0.95,16,38,7.19734,13.9723,8.9607
0.95,16,51,8.37352,13.9077,10.0885
0.95,15,44,9.01155,13.1234,8.90556
0.95,12,26,7.44012,10.3394,6.8904
0.95,14,32,7.39863,11.6369,8.29826
0.95,12,22,6.51382,9.98,6.53914
0.95,20,67,10.0662,18.0164,12.9597
0.95,14,41,7.12606,12.0428,9.22516
0.95,14,45,7.54378,11.5571,7.58793
0.95,13,29,7.55277,11.2267,7.87091
0.95,16,59,8.0686,13.4044,10.7947
0.95,13,42,7.95917,10.7356,7.19371
0.95,16,53,9.50432,13.9823,10.7189
0.95,14,33,7.02201,11.8233,8.03543
0.95,14,54,7.67718,11.5445,7.6363
0.95,12,20,6.77885,9.6061,6.21536
0.95,14,36,7.68536,12.0267,7.98436
0.95,14,43,7.68163,11.5252,8.11134
0.95,19,87,7.71969,16.7076,12.0825
0.95,15,58,8.28008,13.0496,9.64145
0.95,19,58,7.90498,16.2001,10.3172
0.95,16,56,8.02765,14.2011,11.586
0.95,15,35,7.82473,12.5351,8.55416
0.95,16,115,8.40847,14.2101,11.3002
0.95,15,109,9.74261,12.8367,8.64771
0.95,13,79,7.27546,10.9058,7.37566
0.95,15,70,7.4753,12.515,9.00362
0.95,17,61,8.60902,14.8608,12.1483
0.95,19,180,9.01396,16.3369,12.4886
0.95,14,45,7.53336,12.0871,8.34993
0.95,16,63,9.94042,13.4843,9.33773
0.95,16,54,5.90535,13.7053,10.1099
0.95,18,56,8.20798,15.4975,11.8709
0.95,20,163,9.30697,17.5168,12.553
0.95,13,32,7.86802,11.2373,7.59357
0.95,14,151,7.88324,12.2678,9.78133
0.95,17,115,8.97954,15.0813,11.5586
0.95,20,74,9.47485,17.909,12.376
0.95,14,117,7.95952,11.5568,9.12209
0.95,13,30,6.98595,11.0725,8.39915
0.95,20,97,8.54921,17.6597,11.5579
0.95,14,49,7.68308,12.3039,8.95315
0.95,14,45,7.56436,12.1526,8.66332
0.95,13,44,6.37379,11.18,8.39044
0.95,14,55,7.69515,12.0567,8.17269
0.95,14,126,7.18599,12.1535,8.37716
0.95,14,29,7.181,11.4207,8.06972
0.95,14,53,6.3058,11.4488,8.21488
0.95,21,76,9.18833,18.9099,13.4958
0.95,16,55,7.33988,13.5987,9.12711
0.95,19,189,10.8623,16.785,11.8756
0.95,24,60,9.53528,21.6472,13.6804
0.95,15,123,7.97155,13.0339,10.6075
0.95,21,89,9.44804,18.1601,12.3564
0.95,17,118,8.11093,14.5034,10.3465
0.95,17,39,7.56343,14.8083,9.07736
0.95,13,44,7.48829,11.245,7.8659
0.95,15,29,7.51715,12.8201,8.65121
0.95,19,159,8.50888,16.733,9.70255
0.95,15,43,7.50958,12.6197,8.84408
0.95,16,49,7.65077,13.5939,9.93782
0.95,17,68,7.48495,14.4196,9.3953
0.95,16,66,7.93384,13.6409,11.0202
0.95,16,52,7.84605,14.0272,9.77567
0.95,24,147,9.75966,21.2529,16.3841
0.95,19,96,10.3603,16.7513,11.8264
0.95,16,73,7.21227,13.8844,9.55219
0.95,15,72,9.29502,13.189,9.40121
0.95,15,42,7.60194,12.5696,8.73908
0.95,17,73,6.87831,15.1849,10.8985
0.95,16,48,7.35879,13.3238,9.55926
0.95,16,71,8.50195,13.8124,9.63157
0.95,18,122,9.15443,15.7567,12.0483
0.95,23,198,12.889,19.9531,14.4552
0.95,18,57,8.8329,16.1431,11.7738
0.95,17,157,6.03869,14.3375,10.1268
0.95,16,53,7.53857,13.555,8.61554
0.95,21,85,8.03236,18.6132,14.1542
0.95,19,114,8.76059,16.3039,10.8146
0.95,15,63,6.89751,12.6665,8.6563
0.95,20,74,9.07748,17.9757,12.1453
0.95,13,41,7.30511,10.7908,7.1789
0.95,14,34,7.6424,11.6646,8.31914
0.95,13,41,7.31068,11.3716,8.0822
0.95,20,93,9.54025,17.9593,13.1901
0.95,17,77,7.9975,14.6559,10.8719
0.95,18,75,7.69229,15.247,10.4443
0.95,17,55,7.84132,15.0374,9.47047
0.95,14,28,6.98027,11.6581,9.08256
0.95,15,87,6.47757,13.1065,10.0128
0.95,20,264,7.91955,17.6632,11.6635
0.95,19,82,8.54815,16.6875,11.6041
0.95,14,38,7.75084,11.9949,8.67243
0.95,14,68,6.51067,11.7184,8.13499
0.95,18,92,9.43184,15.3661,10.9908
0.95,13,32,7.10452,10.7283,7.40674
0.95,20,106,8.76567,17.8459,13.2623
0.95,17,165,9.09077,14.969,10.5788
0.95,16,37,9.46735,14.2049,9.89774
0.95,21,57,9.51776,18.1346,12.783
0.95,22,170,8.53381,19.2702,13.8646
0.95,16,95,7.93558,13.8935,11.604
0.95,14,31,7.86934,11.9017,8.18828
0.95,15,51,7.32052,12.5249,9.97953
0.95,18,56,8.53964,15.2117,10.9621
0.95,18,57,8.70508,15.7813,9.94865
0.95,17,67,9.34795,14.7801,10.7668
0.95,12,27,6.79564,10.1774,7.20852
0.95,22,148,9.07698,19.1488,13.533
0.95,17,68,8.4608,14.2878,10.5285
0.95,17,51,7.59967,14.4329,9.427
0.95,13,40,7.91465,11.0922,7.64783
0.95,17,127,10.4101,14.9696,10.2438
0.95,13,37,6.2885,11.0647,8.051
0.95,15,62,7.59592,13.0412,7.90622
0.95,21,108,11.0046,18.3798,12.2584
0.95,20,116,8.081,17.6754,13.2454
0.95,13,38,7.94365,10.9196,7.31021
0.95,14,68,7.27413,11.9941,8.33775
0.95,16,43,7.06394,13.8075,9.84928
0.95,14,75,8.20769,11.5055,7.11783
0.95,17,79,9.39289,15.0015,11.1955
0.95,16,74,8.58332,13.4137,8.88511
0.95,16,48,8.01982,14.185,10.3599
0.95,19,214,8.65881,16.6861,12.5834
0.95,16,73,7.92138,14.0512,10.4477
0.95,16,260,7.20746,13.3693,9.5769
0.95,19,90,8.78823,16.3955,13.1331
0.95,22,164,9.74052,19.41,14.1302
0.95,25,398,8.93341,22.5636,17.6271
0.95,15,65,7.7265,13.0633,9.06417
0.95,19,109,10.2739,16.5518,11.6245
0.95,13,28,7.02757,10.7672,7.91426
0.95,15,27,6.59445,12.5015,8.41671
0.95,18,74,8.14415,15.8289,10.7433
0.95,12,24,6.82916,10.1733,6.83837
0.95,13,28,6.62979,10.657,6.63378
0.95,13,27,6.99636,11.1697,8.4988
0.95,16,87,7.64825,14.2002,10.0736
0.95,14,33,7.21831,12.1896,8.40765
0.95,16,61,7.48884,13.8645,9.98543
0.95,16,93,7.27694,13.8754,9.99718
0.95,16,33,8.19685,13.3779,9.11672
0.95,15,36,7.39635,12.54,8.63983
0.95,15,31,7.26131,13.2649,8.6732
0.95,13,35,7.31049,10.9156,7.8064
0.95,20,140,10.0329,17.5831,12.7889
0.95,17,46,8.98544,15.0643,10.7991
0.95,13,46,6.95338,10.7525,7.08761
0.95,15,45,7.8079,12.6233,10.0968
0.95,16,66,7.04968,14.238,10.9619
0.95,14,142,7.81648,12.213,9.73085
0.95,32,130,11.1692,29.2809,20.265
0.95,13,51,7.09529,10.483,7.40796
0.95,15,76,8.92288,13.2009,9.89992
0.95,14,32,8.52448,12.2553,8.55579
0.95,14,43,7.60494,12.1074,8.7185
0.95,17,58,7.97402,14.2909,10.9946
0.95,13,44,7.61624,11.2427,7.89876
0.95,15,43,7.81296,12.8999,9.31039
0.95,21,82,10.3377,18.1462,12.6722
0.95,16,72,7.3143,13.7352,9.05603
0.95,17,53,7.74666,14.4553,10.1991
0.95,17,72,8.72885,14.6367,10.9617
0.95,13,41,7.3571,10.7513,7.92086
0.95,15,89,7.3769,12.8157,9.43421
0.95,16,48,8.47544,13.7277,10.1252
0.95,15,51,7.23683,12.3566,9.00612
0.95,13,35,7.14818,10.8339,7.29542
0.95,14,24,7.05182,11.5811,8.24615
0.95,19,82,8.68145,16.5124,9.97754
0.95,15,52,7.78616,13.0186,8.98758
0.95,15,56,6.97571,13.0672,9.11511
0.95,14,77,7.73146,11.9983,7.88446
0.95,17,88,7.34484,14.5017,10.5521
0.95,13,65,6.98423,11.2785,8.10714
0.95,15,108,7.78594,12.9517,8.86399
0.95,13,27,6.81678,11.3323,7.73408
0.95,19,59,8.05084,16.4142,12.1128
0.95,17,61,9.76179,14.5796,10.3218
0.95,18,68,7.98137,15.5662,11.1218
0.95,14,54,7.53853,11.6587,8.24915
0.95,15,36,7.83723,13.0697,9.3808
0.95,16,71,7.85694,13.3379,9.96177
0.95,11,21,6.9597,9.39194,6.41414
0.95,18,72,8.04376,15.8606,10.9798
0.95,16,56,7.52765,13.4526,9.84366
0.95,19,41,8.46439,16.3782,10.4146
0.95,14,35,7.61659,11.905,8.25972
0.95,16,81,7.86695,13.6327,8.36082
0.95,27,85,11.9767,24.099,15.3683
0.95,24,140,11.7247,21.7498,16.5193
0.95,15,31,8.41045,12.5217,8.38131
0.95,13,40,7.11133,10.6655,7.43037
0.95,15,39,7.66008,12.8045,8.24718
0.95,15,49,7.97038,12.6453,8.50882
0.95,17,81,9.10555,14.6608,9.55837
0.95,15,40,7.02807,12.4313,8.25128
0.95,17,40,8.38333,14.9883,10.5397
0.95,14,61,7.01759,12.2587,9.51033
0.95,15,47,6.46164,12.6012,9.31799
0.95,16,59,7.94083,13.8959,8.85959
0.95,14,32,6.78236,11.6919,8.21838
0.95,22,71,10.0127,19.2797,12.7467
0.95,18,58,8.10671,15.5568,11.6477
0.95,18,58,10.3284,15.3191,11.2802
0.95,15,43,7.47502,12.7067,8.53898
0.95,14,45,7.17894,12.0015,9.14008
0.95,14,46,7.94503,11.7666,9.20679
0.95,15,39,7.02637,13.1371,9.88476
0.95,18,57,8.22307,15.9002,11.2927
0.95,19,69,9.22379,16.9231,11.5742
0.95,13,49,7.38676,11.1628,8.02734
0.95,15,124,7.90951,13.1734,9.00958
0.95,13,45,6.85078,11.045,7.79854
0.95,14,40,7.86415,11.909,8.89385
0.95,17,58,9.35553,14.7895,10.6864
0.95,13,36,6.54547,11.3958,7.20151
0.95,14,39,7.71286,11.4371,8.09408
0.95,14,29,7.03919,12.1066,8.50429
0.95,15,42,7.26769,12.6398,9.13697
0.95,12,36,7.16986,10.0732,6.85785
0.95,23,376,9.3661,19.9864,13.4198
0.95,19,140,9.05469,16.4399,11.9766
0.95,18,44,7.74154,15.8794,11.5767
0.95,16,33,6.71187,14.2217,8.37768
0.95,13,31,6.62135,11.1093,7.80045
0.95,17,67,8.57225,14.5188,11.8346
0.95,22,142,9.19882,19.0243,13.1935
0.95,16,78,8.12055,13.6411,10.0463
0.95,13,33,6.96805,11.2317,7.50632
0.95,13,49,7.05303,10.705,8.1448
0.95,14,35,8.14793,11.5179,8.35505
0.95,18,77,7.59949,15.6697,11.8088
0.95,20,92,8.07431,17.2558,12.5533
0.95,15,59,8.12584,12.9892,10.2281
0.95,14,45,7.20679,12.2283,8.96406
0.95,16,71,6.95434,14.004,10.3869
0.95,17,68,8.18475,14.5638,9.60638
0.95,22,81,8.13004,19.8169,13.7888
0.95,14,44,7.01375,12.3102,7.84485
0.95,18,56,7.91449,15.7566,10.4756
0.95,16,39,8.20409,14.0847,10.2358
0.95,17,54,7.51617,14.6615,9.74619
0.95,18,132,9.06269,15.7398,11.7062
0.95,15,54,7.78939,12.5741,8.63776
0.95,17,46,8.75298,15.1574,11.079
0.95,13,29,7.38216,10.7082,7.53561
0.95,12,25,6.95069,9.71591,6.83853
0.95,14,27,6.69974,12.2399,9.3869
0.95,19,81,7.91554,16.9148,12.7345
0.95,16,55,9.37085,13.81,9.47299
0.95,13,61,7.21249,11.2396,7.93806
0.95,14,57,6.40734,11.6482,8.40412
0.95,15,38,7.44336,13.1365,9.8582
0.95,14,58,6.82573,11.8664,8.6265
0.95,16,50,7.6005,13.4825,9.36338
0.95,14,32,7.381,11.6146,8.65607
0.95,19,69,9.13128,16.2876,11.2223
0.95,27,85,10.7836,23.819,15.7778
0.95,16,154,7.92275,13.5984,8.79348
0.95,14,51,7.50239,11.7909,9.14084
0.95,16,42,7.19899,13.3618,10.6592
0.95,15,72,7.15857,12.9212,10.0544
0.95,14,56,6.82602,11.9717,8.29947
0.95,14,48,7.08997,12.3434,9.0841
0.95,16,56,7.62227,13.5865,10.0023
0.95,14,67,7.39887,11.488,6.98916
0.95,21,132,8.60024,18.003,11.5621
0.95,16,85,8.64238,13.7462,10.2281
0.95,12,34,6.86632,10.2205,6.67116
0.95,14,32,7.84701,11.5495,8.3602
0.95,15,48,7.22368,12.953,10.0547
0.95,15,40,7.93715,13.1628,9.78342
0.95,17,51,7.78123,14.3552,9.71729
0.95,16,52,7.49423,14.1113,10.3749
0.95,18,59,8.86369,15.354,10.6487
0.95,24,186,12.2745,20.9076,12.147
0.95,13,86,7.40633,10.8258,7.71164
0.95,20,127,10.5011,17.737,12.6843
0.95,16,91,7.43198,13.8823,10.0325
0.95,17,42,7.28176,14.9727,10.3761
0.95,15,67,7.06527,12.8987,9.1995
0.95,16,60,8.2836,13.9524,11.0362
0.95,15,62,7.68143,13.2711,9.80789
0.95,18,129,9.1698,16.0856,12.4283
0.95,16,46,7.73339,13.3656,10.172
0.95,16,50,6.90153,14.0611,10.5904
0.95,13,24,6.94854,10.482,7.62723
0.95,22,163,9.62813,19.2345,13.5315
0.95,13,45,6.7417,10.8651,8.33823
0.95,23,97,11.0108,20.8779,14.4886
0.95,17,60,9.69267,15.1292,10.1618
0.95,17,44,7.3893,14.3142,9.08576
0.95,14,45,7.28584,11.4168,6.93054
0.95,17,52,7.59895,14.953,10.2528
0.95,14,57,7.2513,12.1216,8.67989
0.95,17,91,6.3522,14.8777,10.0735
0.95,16,71,7.38112,13.692,11.1349
0.95,13,29,7.2762,11.2427,7.63838
0.95,17,65,8.64497,15.0151,9.99098
0.95,15,56,7.83354,13.0464,10.4538
0.95,14,45,7.22848,11.9416,9.66717
0.95,16,62,7.72883,13.9503,10.5298
0.95,17,110,8.72453,14.5772,10.4473
0.95,14,34,7.39257,11.8044,7.7818
0.95,12,22,7.3935,10.0491,6.29125
0.95,15,37,7.883,12.6752,8.58906
0.95,13,43,7.5688,10.7994,7.56677
0.95,14,33,7.03137,11.6181,7.04907
0.95,16,41,8.22363,13.7497,8.58079
0.95,19,47,7.9181,16.576,12.4874
0.95,14,54,7.41937,11.643,7.70637
0.95,20,164,9.48054,17.92,13.5122
0.95,15,37,7.07486,13.0637,9.34522
0.95,12,56,6.95826,10.216,7.50236
0.95,16,97,7.40104,14.1121,10.074
0.95,13,22,7.71699,11.018,7.37571
0.95,17,43,7.85781,14.2854,10.4468
0.95,23,105,8.58754,20.6217,15.2291
0.95,17,61,7.32435,14.8373,10.808
0.95,15,47,8.26087,13.2435,9.58309
0.95,15,63,7.22012,12.7743,9.59325
0.95,14,50,7.19752,12.2729,9.43488
0.95,19,91,9.1571,16.3953,10.9289
0.95,14,35,6.5655,11.9365,8.34197
0.95,17,43,7.55865,14.7902,9.44439
0.95,13,30,7.31793,10.8407,7.92376
0.95,16,54,8.75444,13.3884,9.31369
0.95,15,172,7.4394,13.1533,10.0505
0.95,18,57,11.5926,15.6775,9.6658
0.95,14,37,7.89273,11.8907,7.27603
0.95,13,53,6.85457,11.2221,9.07949
0.95,14,31,7.39146,11.6593,8.80526
0.95,16,70,8.93881,14.1164,9.89133
0.95,16,76,7.72142,14.189,11.0815
0.95,19,141,9.33324,16.2895,10.7745
0.95,15,130,7.87207,12.8248,9.51494
0.95,15,42,7.40601,12.5271,8.7894
0.95,18,43,9.16176,15.6215,10.5222
0.95,14,26,7.58399,11.4026,8.8296
0.95,12,35,6.60979,9.89899,6.8032
0.95,12,30,7.08575,10.3469,6.66395
0.95,15,81,7.41487,13.0254,10.2172
0.95,25,87,9.01093,21.9476,16.6014
0.95,15,44,7.90639,12.8934,9.45087
0.95,15,36,6.88549,13.2697,8.97898
0.95,12,21,7.27587,10.0008,6.92828
0.95,18,56,7.18689,15.8162,10.5408
0.95,13,23,7.11527,11.2607,7.97041
0.95,23,97,9.38186,20.3841,14.3798
0.95,18,48,8.01089,15.7539,11.5117
0.95,14,52,6.51196,12.3104,9.06549
0.95,13,44,6.92608,11.3773,8.13817
0.95,19,45,8.98046,16.1684,10.7267
0.95,16,40,8.34862,14.0649,10.8872
0.95,15,84,8.9635,12.4233,9.49808
0.95,16,31,8.56968,13.4767,10.2813
0.95,17,51,9.43898,14.5103,10.1637
0.95,16,60,7.323,13.3686,10.0879
0.95,18,50,8.35615,15.2899,10.6062
0.95,14,35,6.73065,11.7411,8.66339
0.95,18,335,8.27263,15.8808,12.1701
0.95,14,52,6.96967,11.8313,9.08561
0.95,15,53,8.16007,13.2464,9.79085
0.95,15,57,6.81967,13.2991,8.71836
0.95,16,92,7.5108,13.319,9.6618
0.95,23,120,9.57031,20.8501,14.9519
0.95,14,42,6.8783,11.5489,8.18894
0.95,28,541,10.0496,24.7685,17.0027
0.95,15,46,8.17168,13.226,8.7746
0.95,13,29,8.04526,11.2522,7.97042
0.95,15,47,8.6297,13.264,8.76498
0.95,16,45,6.33905,13.7155,11.252
0.95,19,70,9.91316,17.0433,12.3368
0.95,23,110,11.0112,20.6144,14.3935
0.95,14,54,7.96055,12.2686,8.38738
0.95,17,65,8.3971,14.9247,10.7421
0.95,17,46,8.04771,14.4268,10.2093
0.95,15,33,7.26637,13.2491,9.72277
0.95,13,41,7.78491,11.1689,8.54851
0.95,21,130,8.7985,18.6421,13.4583
0.95,19,57,8.93003,16.4448,11.277
0.95,15,40,7.47477,12.5849,8.40732
0.95,13,34,6.75747,11.1243,8.02936
0.95,14,29,7.3594,12.1684,8.21487
0.95,15,48,6.90176,13.2281,9.17482
0.95,16,61,7.66703,13.353,10.0672
0.95,14,98,7.50578,12.337,9.19759
0.95,14,32,7.24611,11.4666,7.28
0.95,17,63,7.67128,14.2951,9.02094
0.95,12,25,7.31025,10.172,6.69384
0.95,17,88,7.14879,15.153,10.7512
0.95,15,76,7.17012,12.9813,9.41276
0.95,21,60,10.8126,18.5682,12.7703
0.95,14,54,7.75835,11.9579,9.59747
0.95,15,68,7.54825,13.0389,9.86057
0.95,13,25,6.90136,10.9267,6.5012
0.95,16,50,8.99679,13.7292,10.9647
0.95,14,78,6.51248,11.4009,7.86807
0.95,14,43,8.51051,11.7886,8.87656
0.95,13,25,7.01287,10.7984,7.28564
0.95,17,56,7.34881,14.412,9.70152
0.95,19,87,9.94674,16.8992,10.8597
0.95,14,66,7.82801,12.3263,8.62731
0.95,15,37,8.07008,13.1586,9.37144
0.95,15,42,7.79468,12.6245,9.3448
0.95,13,24,7.46173,10.8314,8.05829
0.95,16,36,8.29463,13.7293,9.73363
0.95,16,81,8.71285,13.6085,10.0778
0.95,17,96,9.15696,14.6359,11.9232
0.95,17,94,8.42153,14.3275,10.2218
0.95,12,25,6.91067,10.4251,7.22332
0.95,13,34,7.30458,11.3198,8.25709
0.95,13,45,7.30468,11.216,7.95894
0.95,15,46,7.58586,13.0774,8.76882
0.95,15,348,9.41236,12.9758,8.50918
0.95,13,25,7.3313,11.0844,8.28993
0.95,17,65,9.60419,15.0752,10.6247
0.95,16,63,7.36657,14.1642,9.88241
0.95,15,47,8.99097,13.2749,9.73972
0.95,18,99,8.24567,15.8821,10.5495
0.95,12,36,6.77324,9.90354,7.05685
0.95,16,53,6.84877,13.5335,9.76915
0.95,14,63,7.81989,11.9638,9.61061
0.95,14,33,7.25704,11.5268,8.05461
0.95,20,71,8.85159,17.6967,11.1487
0.95,13,36,7.49341,10.8099,7.53026
0.95,13,37,7.19346,11.1753,7.59236
0.95,14,42,8.01889,11.8912,7.57831
0.95,13,42,7.04288,11.2208,7.7456
0.95,13,29,7.93079,11.0002,8.29257
0.95,13,41,7.16863,11.1229,8.11218
0.95,16,169,8.48731,13.8798,9.92223
0.95,12,25,7.02274,10.1007,7.29574
0.95,14,38,7.29108,12.0724,8.4528
0.95,15,47,7.65295,12.5301,7.8618
0.95,14,39,7.71376,12.0646,7.92211
0.95,17,51,7.57911,14.5717,9.86042
0.95,14,51,7.69506,11.8995,8.65546
0.95,16,49,6.96179,13.4497,9.52544
0.95,16,54,7.56529,13.9273,9.62274
0.95,15,32,7.36769,12.4603,8.411
0.95,14,42,6.74054,12.3078,8.54852
0.95,23,146,10.3277,20.4264,15.0294
0.95,18,65,8.38924,15.5543,11.0283
0.95,18,108,9.87945,15.3058,9.78574
0.95,15,52,7.12538,12.3729,8.6637
0.95,17,69,8.68318,14.9262,10.5743
0.95,16,41,6.97455,13.4254,10.6098
0.95,15,68,8.18272,12.8486,9.40213
0.95,20,89,10.1112,17.5744,11.9196
0.95,14,35,7.75312,11.6927,8.14851
0.95,13,51,7.83195,11.0345,6.83358
0.95,15,55,7.21832,13.0534,9.5507
0.95,20,106,10.186,17.3353,13.2225
0.95,16,174,8.23548,13.454,9.92819
0.95,17,65,8.16246,14.5984,10.1323
0.95,13,41,6.90086,10.6971,7.64406
0.95,15,67,7.10985,12.6991,9.04736
0.95,16,50,7.77736,13.3707,9.58886
0.95,14,38,6.94039,11.7377,8.66459
0.95,21,151,9.14436,18.6411,12.9475
0.95,16,100,8.0916,13.5858,10.5287
0.95,15,47,7.6358,13.1995,8.85195
0.95,15,82,7.68471,12.5028,9.90401
0.95,14,99,6.83799,12.1904,8.03429
0.95,16,86,7.78364,14.031,10.8137
0.95,15,69,7.26816,13.2318,9.73277
0.95,14,146,8.46886,11.5292,8.24336
0.95,18,74,8.26073,15.2751,11.9008
0.95,14,33,7.30867,12.0317,9.41361
0.95,15,57,8.18952,13.2293,9.5555
0.95,14,44,6.56508,12.1297,9.50114
0.95,14,62,7.09356,12.1944,10.3428
0.95,17,98,8.97358,14.3228,10.6157
0.95,12,31,6.80889,10.3705,7.18433
0.95,16,41,8.11889,13.4463,8.60136
0.95,15,66,7.67032,13.2769,9.6565
0.95,17,51,7.83928,14.721,9.986
0.95,13,35,7.46704,11.1794,7.98906
0.95,14,36,6.95344,11.8767,8.27995
0.95,20,87,8.72996,17.9757,13.7109
0.95,15,57,7.73693,12.4151,9.29806
0.95,13,30,6.71798,10.5243,7.72197
0.95,19,73,9.20837,16.3839,13.8756
0.95,15,44,7.11212,13.2535,9.62872
0.95,14,81,7.43295,11.4006,8.20029
0.95,22,87,9.61357,19.8028,14.878
0.95,16,41,8.26298,13.6166,9.91215
0.95,16,56,8.68822,13.8663,9.20109
0.95,17,77,8.10824,14.9226,10.4403
0.95,14,41,6.80671,11.5432,8.63619
0.95,20,130,7.69928,17.365,12.6818
0.95,14,35,7.57452,12.1763,8.67486
0.95,15,46,7.10331,13.0416,9.06433
0.95,18,73,7.85468,15.5017,11.579
0.95,21,132,9.10248,18.0519,13.7848
0.95,16,51,6.78246,13.771,10.3629
0.95,17,70,9.16948,14.431,10.3884
0.95,14,54,7.34596,11.7144,8.65089
0.95,14,56,6.83586,12.2111,8.85459
0.95,13,50,6.99908,11.0713,7.81756
0.95,19,62,7.63914,16.8019,10.8696
0.95,12,25,6.83067,9.93213,6.86989
0.95,13,32,7.44025,11.116,7.92898
0.95,13,31,7.2008,10.9691,8.1775
0.95,16,40,7.9712,13.4721,8.98728
0.95,16,86,8.83893,14.2239,8.90954
0.95,13,31,7.25657,10.821,7.03536
0.95,15,82,6.7302,12.3696,9.29448
0.95,16,38,9.47676,14.1333,8.99795
0.95,12,29,6.92485,10.1356,6.92946
0.95,13,55,7.38857,11.0965,7.41018
0.95,18,73,8.78646,15.5506,11.4534
0.95,13,51,7.4941,11.0453,7.59342
0.95,15,61,8.0215,12.5232,9.55516
0.95,13,32,7.19489,10.8523,7.97994
0.95,18,89,9.14379,16.0407,11.8708
0.95,18,74,9.41499,15.8751,11.9188
0.95,13,39,7.74217,10.8059,7.81011
0.95,18,80,9.0792,15.6627,10.6995
0.95,14,56,6.0421,11.7938,8.77651
0.95,15,56,6.78494,13.299,8.74433
0.95,14,102,7.58461,12.1661,8.86397
0.95,15,38,7.29053,13.114,9.44764
0.95,19,95,8.82891,16.2968,11.8062
0.95,13,38,6.66651,10.5838,7.83011
0.95,14,44,7.49825,11.4889,9.12388
0.95,14,32,7.50823,11.4109,7.01071
0.95,26,194,11.5104,23.4959,16.323
0.95,13,34,6.52797,11.0434,7.72691
0.95,15,44,7.41798,12.8451,9.49223
0.95,17,69,7.71375,14.2609,9.28293
0.95,17,75,8.35138,14.9032,10.3939
0.95,13,27,8.09302,10.9866,8.55307
0.95,14,42,7.28544,12.314,9.16643
0.95,14,43,7.50999,11.8093,9.09391
0.95,15,67,8.38657,12.6073,8.48884
0.95,17,131,7.61477,14.8056,11.2669
0.95,16,68,7.95493,13.3958,10.2381
0.95,17,84,9.07464,14.6746,10.5472
0.95,17,73,8.4026,14.6239,9.57369
0.95,17,84,8.29017,14.9736,11.3225
0.95,14,30,7.46942,12.0701,9.14955
0.95,14,30,7.05086,12.0469,8.24213
0.95,14,65,7.42786,12.0685,8.7766
0.95,14,32,7.23041,11.4699,8.03821
0.95,15,41,8.07523,13.1151,8.59253
0.95,19,268,9.91363,16.8207,12.7627
0.95,18,58,8.22189,16.1281,11.3689
0.95,18,69,8.6241,15.298,10.3819
0.95,17,100,7.85019,14.7234,10.3546
0.95,13,39,7.20923,10.8998,8.08624
0.95,14,48,6.11065,11.4515,8.58869
0.95,14,37,7.53358,11.9364,8.47215
0.95,16,53,8.57362,13.3516,9.52268
0.95,14,31,7.8452,12.07,8.0584
0.95,13,48,7.99187,11.0452,7.92416
0.95,18,74,8.62183,15.9604,11.3886
0.95,13,24,6.96078,10.7162,6.29661
0.95,15,59,6.66496,12.7762,9.40691
0.95,22,165,10.494,19.3624,12.5147
0.95,16,112,7.57005,13.4222,10.5438
0.95,16,67,8.03863,13.6214,9.80355
