extend,number_of_states,RRT_execution_time,gripper_distance_cart,robot_distance_jointspace,path_exec_time
0.05,295,721,9.9266,14.6864,9.77812
0.05,341,918,10.8568,16.9592,11.4751
0.05,328,762,9.73067,16.3069,10.607
0.05,286,789,10.0885,14.2056,10.4331
0.05,240,339,7.96273,11.9206,7.82718
0.05,282,452,9.17442,14.019,9.01768
0.05,311,1172,10.2076,15.4512,11.575
0.05,297,787,8.1599,14.7595,9.60022
0.05,318,1225,10.4381,15.8242,11.6846
0.05,294,585,10.1948,14.6318,10.147
0.05,374,669,9.77059,18.6313,13.7186
0.05,352,603,9.51142,17.5369,12.5629
0.05,289,665,8.39389,14.3734,9.3699
0.05,375,748,10.1638,18.6778,13.33
0.05,277,610,8.97162,13.7825,9.1952
0.05,258,376,8.67445,12.8049,8.31555
0.05,296,581,8.40766,14.7253,10.1444
0.05,260,474,8.87408,12.939,8.65352
0.05,285,504,9.12865,14.1863,9.19392
0.05,262,559,9.6278,13.0424,8.83687
0.05,313,539,9.0674,15.553,11.0728
0.05,326,609,9.71328,16.2388,11.6454
0.05,378,1202,11.416,18.8153,13.036
0.05,302,632,8.71327,15.0484,10.7078
0.05,303,942,9.42212,15.0675,9.96768
0.05,311,771,8.95775,15.4723,10.484
0.05,244,386,8.60329,12.1022,8.40307
0.05,295,702,9.36064,14.6667,10.0772
0.05,320,896,9.07454,15.919,10.8944
0.05,285,764,9.46593,14.1883,9.66073
0.15,85,95,8.10962,12.5745,8.04295
0.15,94,170,9.78343,13.8694,9.6792
0.15,99,157,7.70944,14.594,9.90835
0.15,94,179,8.95081,13.8113,10.5078
0.15,103,276,9.63965,15.2357,10.1971
0.15,85,84,8.27055,12.5351,8.81003
0.15,113,289,10.8441,16.7082,10.8476
0.15,100,419,9.28609,14.7368,10.2561
0.15,101,163,9.05558,14.9197,10.4793
0.15,96,250,9.62748,14.2223,10.2485
0.15,84,214,8.40944,12.3971,8.3722
0.15,92,219,8.49227,13.6291,9.32826
0.15,108,252,9.77969,15.9443,11.4346
0.15,94,182,8.97069,13.8467,9.58027
0.15,105,172,8.23131,15.5382,10.0721
0.15,87,174,8.93087,12.7868,8.84535
0.15,111,199,10.2948,16.4035,11.6444
0.15,81,180,8.15206,11.8633,8.17265
0.15,105,142,9.44312,15.4717,9.8088
0.15,89,127,8.4804,13.1253,8.46104
0.15,80,83,8.29197,11.7343,8.055
0.15,80,104,7.7432,11.7526,8.08459
0.15,93,201,9.24487,13.7469,9.04092
0.15,98,269,9.24791,14.4551,9.42633
0.15,102,222,9.08649,15.0788,10.0053
0.15,98,213,8.69572,14.4416,10.2137
0.15,102,199,8.7378,15.1115,9.96325
0.15,86,163,8.37629,12.6617,8.26677
0.15,76,203,8.21777,11.1252,7.81487
0.15,114,234,8.14385,16.9229,12.5684
0.25,49,84,8.47705,11.8931,8.38783
0.25,47,166,7.91356,11.3733,7.88022
0.25,54,109,9.14232,13.0882,9.13404
0.25,62,157,8.01119,15.0798,10.2025
0.25,57,107,9.10206,13.8032,9.27821
0.25,62,161,9.47206,15.1426,10.4381
0.25,56,155,9.47384,13.6398,9.44431
0.25,50,117,8.57069,12.1189,8.39697
0.25,48,82,8.07421,11.7326,8.30894
0.25,48,93,8.4307,11.5577,7.75205
0.25,50,103,8.44969,12.0095,9.08286
0.25,51,147,8.05077,12.3074,8.46542
0.25,57,220,8.89762,13.8409,9.71513
0.25,49,105,8.68169,11.9838,9.12658
0.25,69,173,10.4112,16.9523,11.7291
0.25,65,257,9.33899,15.9433,11.8171
0.25,60,113,8.59156,14.6386,9.79063
0.25,67,84,8.44483,16.3543,12.23
0.25,54,182,9.45483,13.2132,9.0316
0.25,52,231,8.22682,12.7217,9.2043
0.25,47,69,7.50544,11.4951,7.90822
0.25,51,153,7.98589,12.3468,8.55409
0.25,70,203,10.5391,17.1396,12.0741
0.25,56,144,8.89652,13.7441,10.0724
0.25,72,206,10.7752,17.6744,11.8792
0.25,47,57,7.31844,11.383,7.74438
0.25,58,169,8.19893,14.1385,10.2746
0.25,55,189,9.26414,13.2811,9.99574
0.25,76,166,11.0274,18.6221,12.3314
0.25,41,79,7.33475,9.92687,6.85938
0.35,52,183,8.15277,17.5662,11.8132
0.35,38,81,7.41672,12.6108,9.26043
0.35,45,155,8.28594,15.0535,10.8256
0.35,39,107,7.94926,13.1186,8.45886
0.35,36,61,8.97523,12.172,8.12518
0.35,30,47,7.37835,9.87509,6.42461
0.35,37,71,8.97317,12.4311,9.20229
0.35,37,107,8.40169,12.5834,8.2679
0.35,35,251,8.08145,11.8848,8.26402
0.35,34,46,7.54304,11.4024,8.04972
0.35,34,105,7.61125,11.4504,7.73884
0.35,40,146,8.57239,13.5178,10.4294
0.35,39,87,8.37609,13.018,8.86342
0.35,38,317,7.92033,12.6308,9.26481
0.35,38,80,7.89635,12.8368,9.06931
0.35,54,160,10.9784,18.4493,12.8471
0.35,34,52,8.12899,11.3495,7.78196
0.35,47,169,8.32959,15.8039,11.953
0.35,37,80,8.20067,12.3214,9.05081
0.35,35,88,7.83697,11.5773,7.85698
0.35,34,62,7.96647,11.2657,7.63436
0.35,35,72,8.3067,11.7727,8.84818
0.35,35,57,7.50732,11.8085,8.18296
0.35,36,91,8.27223,11.9534,8.88744
0.35,38,75,9.0719,12.7733,9.19945
0.35,52,153,8.205,17.5915,13.2045
0.35,40,108,8.47038,13.4431,9.37314
0.35,38,66,8.8789,12.9127,8.5057
0.35,34,91,8.03435,11.2107,7.72877
0.35,44,71,9.01825,14.9162,10.4053
0.45,31,51,8.05732,13.2576,8.9213
0.45,33,82,7.8811,14.0994,9.69425
0.45,33,63,8.95699,14.1943,9.66168
0.45,33,97,8.75764,14.317,9.2268
0.45,34,385,9.43695,14.4642,11.2164
0.45,28,311,9.59692,11.7892,8.28508
0.45,28,75,8.1054,11.7108,7.92304
0.45,28,65,7.69682,11.7382,8.38943
0.45,31,53,8.20712,13.4251,9.11119
0.45,31,48,8.19565,13.3953,9.55544
0.45,27,38,6.63585,11.4771,8.12598
0.45,27,62,7.843,11.5154,7.59777
0.45,39,97,10.5084,16.8984,12.0176
0.45,38,109,8.13435,16.3922,11.8284
0.45,25,40,7.21145,10.5951,7.39102
0.45,36,162,10.4138,15.372,10.552
0.45,32,195,8.86338,13.6667,8.16485
0.45,37,103,9.51542,15.7664,12.0826
0.45,24,62,6.94563,10.2614,7.09282
0.45,28,60,7.44617,12.0731,8.50551
0.45,42,115,11.0002,18.263,12.0195
0.45,31,150,7.98973,13.321,9.56753
0.45,28,47,7.76585,11.8672,7.56698
0.45,34,133,9.44579,14.4607,10.5411
0.45,29,72,7.43333,12.3356,9.31664
0.45,28,107,7.73383,12.1057,8.20877
0.45,33,84,8.68475,13.9999,9.50885
0.45,32,125,8.07306,13.9191,11.5871
0.45,31,103,8.27688,13.2592,10.1068
0.45,36,165,9.24881,15.6649,11.6965
0.55,27,50,8.51545,13.9994,8.87566
0.55,20,47,7.43148,10.0186,7.13234
0.55,36,133,8.49007,18.9142,14.3503
0.55,22,41,7.55369,11.3022,8.15824
0.55,23,72,8.05274,11.7597,8.61101
0.55,30,147,10.065,15.518,11.0189
0.55,28,100,9.09309,14.7305,12.4076
0.55,27,57,8.02566,13.7988,10.0091
0.55,22,53,6.8768,11.2308,8.46733
0.55,27,96,9.02124,14.1545,10.6439
0.55,35,70,8.77845,18.3647,11.3741
0.55,55,329,11.1644,29.4145,17.7041
0.55,28,136,9.73735,14.6712,11.1506
0.55,25,144,8.29404,13.087,8.41736
0.55,25,57,8.24171,12.8436,8.48154
0.55,30,170,9.27889,15.801,11.0602
0.55,30,132,9.23657,15.944,11.1106
0.55,25,117,7.95421,12.9132,9.12344
0.55,26,58,8.28286,13.4534,10.02
0.55,23,91,9.06767,11.7171,8.75896
0.55,22,74,7.99233,11.5438,8.34895
0.55,37,126,11.301,19.4382,12.7294
0.55,23,43,7.60034,11.8516,8.93806
0.55,25,84,8.58887,12.7932,10.0786
0.55,28,86,8.39144,14.7633,10.5912
0.55,29,88,8.73384,15.3353,10.0505
0.55,24,34,7.49956,12.1738,8.09041
0.55,28,113,8.84058,14.3263,11.6404
0.55,27,127,10.2555,13.8536,9.96792
0.55,29,316,9.29336,15.3017,10.5996
0.65,23,67,8.02521,13.8157,9.45821
0.65,31,95,10.2184,19.0669,14.1262
0.65,20,58,8.05886,12.2113,8.50903
0.65,30,159,11.0356,18.3389,12.2306
0.65,19,57,8.01758,11.604,9.0006
0.65,25,121,8.88701,15.3724,11.6527
0.65,19,40,7.27781,11.5341,9.02887
0.65,19,53,8.10093,11.5978,7.91894
0.65,22,59,8.51046,13.0678,9.4886
0.65,20,45,8.59305,12.3321,7.36029
0.65,21,56,8.15647,12.7042,8.70107
0.65,24,44,7.9129,14.467,10.6547
0.65,22,58,7.06441,13.3828,9.34508
0.65,21,84,7.38528,12.7303,8.11298
0.65,25,141,7.85841,15.5057,11.6979
0.65,24,72,7.46194,14.5418,9.66301
0.65,25,62,9.67031,15.4114,11.0699
0.65,22,62,7.8274,13.0254,9.09425
0.65,19,42,7.88108,11.6531,8.08319
0.65,21,71,7.77748,12.6274,9.51492
0.65,21,85,7.81533,12.3764,9.68913
0.65,30,82,9.79446,18.7639,12.9542
0.65,28,395,10.0527,17.0504,11.3693
0.65,26,162,9.38879,15.6512,10.6864
0.65,28,113,9.44968,17.4646,12.3987
0.65,26,180,8.7047,16.1395,10.8428
0.65,22,52,8.0102,13.2507,9.6601
0.65,23,95,8.90251,14.0125,9.48468
0.65,25,114,8.7343,15.2773,9.91064
0.65,21,45,7.28441,12.3754,8.45023
0.75,18,41,8.31025,12.4785,7.72482
0.75,16,37,6.8201,10.7229,7.96423
0.75,22,126,8.32784,15.2167,11.2252
0.75,19,91,8.77378,13.111,10.3517
0.75,18,28,6.87781,12.1337,8.70132
0.75,19,76,7.77546,12.8216,8.17055
0.75,18,127,9.602,12.0717,8.97203
0.75,23,59,8.59353,16.3583,11.118
0.75,15,23,6.91693,10.1723,6.58995
0.75,20,132,8.77049,13.6053,10.0571
0.75,21,91,7.18066,14.8272,11.2012
0.75,23,74,8.68021,16.2901,11.2216
0.75,15,37,7.1328,10.3028,7.31094
0.75,24,72,9.24145,16.9761,10.8114
0.75,19,46,7.62475,13.3078,9.50087
0.75,24,96,10.4155,16.9946,11.596
0.75,21,45,8.88456,14.377,10.235
0.75,20,75,7.87562,13.6556,10.168
0.75,22,67,8.96885,15.6518,11.7132
0.75,19,48,7.44466,13.1607,9.29543
0.75,17,45,7.74972,11.5412,7.45242
0.75,16,43,7.7196,10.8361,8.23983
0.75,15,29,7.28621,10.2665,6.99006
0.75,19,65,9.05855,13.0757,8.11242
0.75,20,97,7.90009,14.145,9.39217
0.75,19,71,8.08014,13.0873,8.37698
0.75,23,87,9.19459,16.3392,11.7883
0.75,23,114,10.0948,16.4365,12.0481
0.75,25,220,8.03473,17.2544,11.5458
0.75,19,91,7.94226,13.4416,9.98271
0.85,13,29,7.48491,10.1641,7.36876
0.85,14,35,7.9362,11.0243,7.50016
0.85,20,267,9.02994,16.0348,11.7435
0.85,16,33,7.82495,12.4267,9.21287
0.85,16,63,6.22039,12.2329,8.64648
0.85,15,42,6.90842,11.8749,9.10574
0.85,23,146,7.97807,17.8804,13.4975
0.85,21,101,10.1657,16.297,12.2462
0.85,22,182,9.02833,17.32,13.129
0.85,16,44,7.66472,12.0159,8.38456
0.85,16,42,7.06229,12.1958,9.38764
0.85,19,39,7.03219,14.8163,10.0665
0.85,18,83,7.99186,13.8609,9.84294
0.85,16,40,6.89617,12.0438,8.47069
0.85,15,28,6.72804,11.7549,8.69017
0.85,18,66,8.7395,14.2217,9.789
0.85,15,38,7.75848,11.1629,8.00593
0.85,16,72,7.41722,12.3628,8.6225
0.85,14,37,6.71663,10.58,6.85036
0.85,17,35,9.27365,12.9118,8.58029
0.85,18,46,8.07256,13.6213,9.82786
0.85,18,65,8.02297,14.3096,10.6511
0.85,22,147,10.8626,17.7852,12.3
0.85,18,71,9.10263,14.3588,10.7702
0.85,19,42,8.39481,15.0897,10.6627
0.85,14,30,7.48849,10.8324,7.17224
0.85,18,49,7.48759,13.9712,9.63235
0.85,20,78,9.12543,15.6481,10.9403
0.85,15,58,6.96719,11.8035,7.70254
0.85,14,37,6.98677,10.7919,7.44862
0.95,12,24,7.2556,10.0797,6.76717
0.95,19,62,8.82964,16.2325,11.1076
0.95,16,144,9.32777,13.8323,8.38345
0.95,15,42,6.63983,13.1125,8.63844
0.95,14,33,7.71813,11.6967,8.03278
0.95,19,266,7.04303,16.1748,12.3066
0.95,14,47,7.05552,11.8497,9.88343
0.95,14,50,8.09846,12.0335,7.84982
0.95,15,71,7.26484,12.8371,9.17338
0.95,12,36,6.73184,10.3675,6.92687
0.95,16,85,8.11215,13.4733,9.8289
0.95,12,76,7.20242,10.1142,7.18773
0.95,15,65,7.8718,12.7032,10.3253
0.95,16,34,8.32181,13.3892,10.1521
0.95,13,26,6.92452,10.8103,6.75315
0.95,12,19,6.80966,9.58933,6.76564
0.95,16,51,9.26133,14.0029,10.8049
0.95,16,60,9.37592,13.3578,9.43746
0.95,22,101,9.64833,19.7179,13.5082
0.95,18,119,9.13059,15.2702,10.2715
0.95,14,58,7.70489,12.3112,9.33221
0.95,16,41,7.77464,13.8941,10.0272
0.95,13,32,7.2371,10.5207,7.80218
0.95,16,84,8.61445,13.3934,10.4519
0.95,18,35,7.83805,15.9417,11.4106
0.95,18,54,7.16559,15.7742,11.4955
0.95,19,44,9.22782,16.8585,11.2591
0.95,12,27,7.16623,10.3706,7.85912
0.95,21,179,10.1768,18.4364,13.2267
0.95,12,22,7.0962,10.0968,7.01312
1.05,13,62,6.62119,12.592,9.35027
1.05,12,52,7.14909,11.1244,8.08213
1.05,17,68,7.77148,16.5589,11.306
1.05,15,56,7.90992,13.7022,10.565
1.05,14,49,6.94453,13.2822,9.71529
1.05,13,32,7.24008,11.7104,8.80273
1.05,12,27,6.62103,11.3399,8.28694
1.05,12,54,7.69327,11.0367,6.92362
1.05,13,37,7.70597,12.5371,8.14234
1.05,19,75,10.2225,18.3739,12.8069
1.05,20,98,9.47498,19.6299,14.3548
1.05,15,34,8.46656,13.9017,9.42416
1.05,16,73,9.24795,15.4293,11.4587
1.05,17,66,7.73643,15.8142,11.0034
1.05,20,85,9.26937,19.3603,12.8304
1.05,15,49,8.53633,14.6865,9.05636
1.05,16,73,6.99646,14.7829,11.134
1.05,20,72,10.0615,19.4761,14.8247
1.05,19,88,9.59139,18.2559,12.8267
1.05,16,95,8.60528,15.4045,11.6482
1.05,13,54,7.5509,11.9518,9.61083
1.05,18,64,8.21075,17.1549,12.0615
1.05,12,29,6.59707,11.0041,7.95786
1.05,16,45,7.96509,15.7141,10.5992
1.05,17,133,9.33521,16.0538,11.2471
1.05,14,60,8.28167,13.6375,9.91604
1.05,14,82,7.1763,12.7741,8.65741
1.05,18,102,8.16002,16.8164,11.1076
1.05,19,82,9.60094,18.4033,13.2709
1.05,13,48,8.34222,11.7309,8.15562
1.15,13,42,8.49096,13.4369,10.0174
1.15,16,71,7.27741,17.1259,13.2138
1.15,12,103,6.16578,12.5781,9.10046
1.15,11,28,6.95204,11.0635,8.52712
1.15,11,35,7.23868,10.8373,8.43415
1.15,12,59,7.49375,11.9467,8.00458
1.15,14,60,8.66972,14.3355,10.205
1.15,15,71,8.20989,15.8064,11.0918
1.15,13,43,6.56123,13.1436,9.51506
1.15,14,118,7.08482,13.935,10.1749
1.15,12,55,7.19099,12.5142,8.9181
1.15,16,52,9.46051,16.9517,11.6257
1.15,13,77,8.5073,13.3373,8.99086
1.15,12,36,6.70362,12.2244,8.85114
1.15,18,186,11.1948,18.6642,12.4385
1.15,13,90,7.98675,13.3336,9.52619
1.15,14,56,7.6448,14.4971,9.71421
1.15,11,50,7.12122,10.8619,8.40671
1.15,16,93,7.2805,17.0787,12.5712
1.15,14,47,7.82672,14.3758,10.0463
1.15,12,46,7.95057,12.3986,8.40808
1.15,12,46,7.54975,12.1635,8.49994
1.15,15,59,9.73443,15.1255,12.2881
1.15,12,53,6.96249,11.574,8.54007
1.15,16,81,6.72112,16.7125,13.4404
1.15,11,48,6.20126,11.4436,9.06803
1.15,19,74,9.81454,19.8141,14.635
1.15,11,29,7.04806,10.7175,8.15954
1.15,17,115,9.42891,18.3303,14.1101
1.15,13,36,8.10787,12.8195,9.48766
1.25,13,46,8.02498,13.8774,9.8535
1.25,11,42,6.62008,11.5046,9.0428
1.25,12,52,7.18593,13.4353,10.0781
1.25,10,29,6.29634,10.0082,6.81602
1.25,13,66,7.98081,13.7976,10.5506
1.25,12,50,7.5453,12.9086,9.46627
1.25,11,30,6.75591,12.045,9.30538
1.25,12,46,6.5822,12.7387,8.34628
1.25,13,54,6.52916,14.6134,10.5765
1.25,10,39,6.93559,11.0693,7.97694
1.25,14,100,9.70457,15.0958,11.4734
1.25,10,51,6.43257,11.1603,8.96712
1.25,12,46,6.04703,13.6458,9.54482
1.25,12,153,7.29732,13.6585,10.1463
1.25,22,172,11.4476,25.8759,18.6728
1.25,15,44,9.05434,16.92,11.4475
1.25,13,62,8.94088,14.8961,11.2009
1.25,11,31,7.08982,11.7418,8.11406
1.25,14,51,7.77636,15.9939,11.5965
1.25,13,60,6.20819,14.356,10.8156
1.25,14,48,7.68605,16.007,10.7522
1.25,11,29,7.98539,11.9817,8.49971
1.25,14,139,8.79437,15.0723,10.7718
1.25,10,31,6.74931,10.4079,6.53471
1.25,12,52,7.87508,13.6279,10.8954
1.25,15,126,8.78578,17.3717,12.7045
1.25,13,62,7.21593,14.7104,11.6811
1.25,10,26,7.09876,10.7549,7.15889
1.25,15,83,10.011,16.5722,12.7134
1.25,13,61,8.65297,14.0236,10.8033
1.35,12,62,7.65613,14.0565,11.1018
1.35,13,46,6.96599,15.3863,10.6392
1.35,10,30,6.82198,12.144,8.00896
1.35,12,44,7.88828,13.9757,8.61635
1.35,15,104,8.4872,18.1137,11.9817
1.35,13,70,7.38203,15.0051,12.7189
1.35,13,89,7.63226,14.9189,10.8832
1.35,11,70,8.55343,13.0849,9.36761
1.35,13,61,7.19966,15.4588,11.4485
1.35,10,35,7.31513,11.92,8.46462
1.35,10,27,6.79348,11.8046,8.176
1.35,11,49,6.39297,12.8476,9.28221
1.35,9,25,6.28703,10.4172,7.38999
1.35,10,30,6.45884,11.204,8.07994
1.35,10,31,7.25269,11.7758,7.82553
1.35,14,93,9.00375,17.413,12.8808
1.35,13,73,8.4011,15.2473,9.83433
1.35,12,49,8.67105,14.0985,10.6364
1.35,11,29,6.29477,13.175,8.61732
1.35,9,34,6.99076,10.1262,7.37593
1.35,16,63,8.70801,19.2383,13.5604
1.35,14,83,7.84944,16.2591,12.7452
1.35,11,91,7.49268,12.6134,8.53383
1.35,11,37,6.78862,12.5233,9.54398
1.35,11,69,7.09436,12.5707,10.2462
1.35,14,52,7.08972,16.338,9.55742
1.35,11,60,7.32788,12.5089,9.60687
1.35,12,64,6.71967,13.7988,9.80909
1.35,12,47,6.93203,14.5002,11.3617
1.35,13,39,7.78179,15.0388,11.0757
1.45,12,57,7.78732,15.6949,11.6443
1.45,14,100,10.2353,17.9545,11.8594
1.45,10,56,7.64353,12.897,8.71739
1.45,10,36,7.65943,12.7788,8.63754
1.45,13,78,7.28921,17.0249,13.1927
1.45,12,72,7.85181,15.8843,10.6244
1.45,12,44,7.19865,15.0238,11.2661
1.45,16,113,7.74055,20.5075,14.3434
1.45,11,77,9.10977,13.3899,10.4006
1.45,10,47,6.83423,12.7964,8.56933
1.45,13,87,7.34301,16.5474,11.7411
1.45,10,44,6.97131,12.7472,9.47329
1.45,9,59,6.11963,11.3311,9.06411
1.45,11,47,7.24801,13.5353,10.6189
1.45,12,152,7.04188,15.0939,10.8638
1.45,13,58,10.0925,16.7758,11.3673
1.45,12,50,8.86938,15.3478,10.9551
1.45,10,46,7.74916,12.2555,8.87499
1.45,9,22,7.11699,11.4606,7.74114
1.45,10,87,7.86211,13.0266,9.51773
1.45,9,55,6.65816,10.9609,8.79671
1.45,16,98,8.92932,21.2023,14.9708
1.45,11,32,7.46789,13.5999,10.2617
1.45,13,72,7.4565,16.282,12.4136
1.45,9,28,7.05192,10.4555,7.54436
1.45,13,83,6.68045,16.0929,11.9135
1.45,13,60,8.1716,17.2213,12.2956
1.45,11,39,6.47805,13.4954,10.322
1.45,12,44,7.24837,15.3617,11.3214
1.45,11,66,7.99114,13.6799,10.8096
1.55,10,50,6.948,12.4816,9.92364
1.55,11,37,7.22465,14.1445,10.7579
1.55,15,117,8.00833,20.9881,15.0515
1.55,9,40,7.03357,11.6111,7.78173
1.55,10,38,7.06441,12.49,9.39782
1.55,12,75,8.08146,16.2144,12.1123
1.55,9,25,6.39357,11.1476,8.12777
1.55,12,67,9.14326,16.1913,11.5529
1.55,14,97,9.18769,19.179,13.8521
1.55,11,74,7.34609,15.4217,11.7941
1.55,13,54,8.75422,17.1577,11.5601
1.55,8,32,6.27225,10.4809,7.66854
1.55,12,109,8.11592,15.9103,11.3066
1.55,10,48,6.93054,13.2773,10.9654
1.55,9,30,6.14645,11.1973,8.78422
1.55,11,106,7.56297,14.4331,11.1476
1.55,12,107,7.60408,15.5798,11.2406
1.55,9,24,6.96154,11.3267,8.44241
1.55,9,50,7.30753,11.9625,7.79704
1.55,10,50,6.972,13.488,9.15399
1.55,11,48,8.33102,15.1437,10.6058
1.55,11,63,6.85552,14.396,10.6567
1.55,14,63,8.39368,19.5416,13.8777
1.55,14,57,9.086,19.9511,12.7261
1.55,14,91,9.67231,19.1121,13.1593
1.55,10,38,7.38737,12.721,9.59625
1.55,13,191,8.1918,18.2858,13.928
1.55,10,52,6.29688,13.8221,10.0183
1.55,12,56,9.66465,16.4418,12.1569
1.55,9,53,6.31528,12.009,8.3484
1.65,10,54,7.21811,13.8626,11.1108
1.65,11,64,7.067,15.0333,10.391
1.65,12,99,7.49501,16.7268,12.2097
1.65,12,57,6.80793,18.0287,11.4221
1.65,15,82,11.4884,21.9416,13.9623
1.65,9,40,6.4762,12.2367,9.71213
1.65,9,27,6.43515,11.6301,8.7624
1.65,10,35,7.84396,13.2532,9.62009
1.65,12,45,8.36329,16.8869,12.1269
1.65,8,20,5.66084,9.95553,7.02532
1.65,12,96,8.92994,17.8317,12.2199
1.65,13,117,9.51712,18.3421,13.2363
1.65,12,48,8.66456,16.7285,10.4605
1.65,9,23,6.45214,11.9787,8.02112
1.65,11,74,8.95431,16.2508,12.7168
1.65,10,99,8.86256,14.1767,11.6262
1.65,8,20,6.12626,11.4755,7.66622
1.65,10,34,6.85394,14.5881,10.5341
1.65,9,72,6.08796,12.5642,8.71245
1.65,13,75,7.98872,18.3544,12.5712
1.65,12,87,7.64656,16.8761,11.7691
1.65,11,71,8.63274,15.4362,10.6326
1.65,10,53,7.2688,14.5518,11.7472
1.65,10,68,7.228,13.2988,11.637
1.65,8,21,6.80323,10.6997,6.95083
1.65,12,123,7.60841,17.01,11.8471
1.65,8,38,7.01522,11.1935,7.89937
1.65,15,108,11.4402,22.3299,15.0194
1.65,9,32,6.31781,12.1127,8.58668
1.65,9,77,6.19151,12.759,10.4237
1.75,13,70,8.92781,19.667,14.661
1.75,10,109,8.21736,14.5407,10.0005
1.75,10,69,7.52408,15.146,10.6021
1.75,12,68,9.39392,18.3865,12.6552
1.75,9,50,7.56989,13.6786,10.9329
1.75,11,68,7.00373,15.9284,12.5382
1.75,9,35,7.08487,13.6899,10.1592
1.75,10,60,6.60798,14.0156,10.4236
1.75,12,63,7.57929,17.4682,11.8737
1.75,8,84,6.49456,11.0775,8.80591
1.75,12,72,6.79493,17.6307,12.8899
1.75,13,100,8.93555,20.5928,14.5549
1.75,11,92,5.94338,16.3169,10.6814
1.75,12,72,8.48786,18.4985,14.1188
1.75,8,33,6.42116,11.5835,8.52827
1.75,12,52,7.81843,17.9883,13.288
1.75,10,75,6.54466,14.9398,11.4442
1.75,11,60,9.21552,15.8399,10.0795
1.75,11,75,6.6942,16.5351,13.5049
1.75,12,81,7.59705,17.7596,12.5925
1.75,10,39,6.35762,14.044,10.7376
1.75,11,121,8.17562,16.6051,12.747
1.75,9,36,6.48578,13.4035,10.9684
1.75,9,27,7.46535,12.8104,9.59609
1.75,10,46,6.90779,14.8315,10.7325
1.75,10,30,7.024,14.8727,10.7254
1.75,10,37,6.74819,15.1939,11.1527
1.75,10,35,6.03102,14.4611,11.5341
1.75,8,43,6.20117,11.5585,8.79843
1.75,8,30,6.45314,10.8064,7.98669
1.85,9,45,7.23894,14.4511,12.2873
1.85,10,78,7.98945,16.5305,13.439
1.85,8,51,6.46139,12.0414,9.60354
1.85,10,40,6.86694,15.7297,11.8134
1.85,10,36,6.77204,15.2261,11.4888
1.85,8,65,6.71433,12.6332,8.70921
1.85,8,25,6.29203,11.2728,7.67785
1.85,10,49,7.05635,16.5782,11.5753
1.85,8,36,6.38757,11.7349,9.57581
1.85,10,30,6.63163,15.4782,11.3439
1.85,11,67,10.178,18.4608,14.8393
1.85,13,67,9.63722,21.9561,16.0852
1.85,11,48,8.6223,16.9799,11.7997
1.85,9,87,8.41396,14.7339,11.2664
1.85,12,123,7.09483,18.9585,13.3637
1.85,8,48,5.81693,11.9692,8.77007
1.85,8,52,7.036,12.188,9.48256
1.85,9,90,6.69223,13.8253,9.99995
1.85,10,71,6.99554,16.1896,12.3632
1.85,8,26,6.91821,12.0726,8.00382
1.85,10,62,6.96176,16.4084,12.3741
1.85,8,38,6.55205,11.3956,9.20624
1.85,9,60,6.39816,14.6458,12.1371
1.85,10,62,7.97902,16.2813,11.8749
1.85,10,126,6.12854,16.5965,12.7253
1.85,8,23,6.5647,11.2355,8.69687
1.85,9,52,6.65525,13.9035,9.78071
1.85,9,44,7.14657,12.9619,10.1173
1.85,10,54,6.00999,16.4088,12.9808
1.85,8,27,5.90602,12.4976,9.945
1.95,13,76,8.69557,22.1626,15.4012
1.95,10,71,7.21569,15.824,11.4968
1.95,7,25,6.33013,10.5476,8.07825
1.95,9,54,6.70701,13.9865,9.41253
1.95,9,34,8.25875,14.783,9.99089
1.95,9,110,5.95763,15.4952,12.7715
1.95,8,31,6.54191,12.1207,9.39081
1.95,10,45,6.97014,16.7187,10.9396
1.95,9,46,6.26095,13.8563,10.4974
1.95,9,44,5.57843,13.7641,10.7959
1.95,7,57,5.48607,11.1777,7.77338
1.95,9,137,7.52878,14.898,11.4246
1.95,9,145,6.52592,14.2007,10.8838
1.95,8,58,6.59274,13.2882,11.0545
1.95,11,47,7.50679,18.1896,12.9632
1.95,9,59,8.03458,14.5249,9.68803
1.95,10,59,7.7212,16.3125,12.2159
1.95,9,73,7.88606,14.3236,12.1012
1.95,8,27,6.32002,13.0349,9.93473
1.95,10,48,8.217,15.9311,11.3341
1.95,13,65,10.0164,23.0828,16.6335
1.95,10,97,7.47405,16.3365,11.8233
1.95,10,71,7.35551,17.1753,11.9801
1.95,10,49,7.44314,15.602,12.353
1.95,9,36,7.5992,14.4513,11.1086
1.95,8,81,6.26136,11.7518,9.3202
1.95,9,250,7.02103,13.8358,9.33533
1.95,7,31,6.30519,10.871,8.16108
1.95,7,27,6.79974,11.493,8.32145
1.95,8,50,6.39186,11.934,9.30853
2.05,10,64,6.68864,17.1073,12.9944
2.05,11,111,7.69526,19.3189,14.7967
2.05,8,53,5.83628,12.9108,9.64262
2.05,8,44,5.57117,12.7442,10.0104
2.05,9,153,7.23683,15.8615,11.3291
2.05,9,79,8.36337,15.4184,11.1823
2.05,8,51,5.82495,13.6806,10.2404
2.05,9,65,7.63954,14.6509,9.67437
2.05,8,23,6.45764,13.4728,9.32479
2.05,8,53,5.31625,12.4479,9.51733
2.05,10,44,6.70325,16.666,10.7728
2.05,10,96,8.33556,16.7983,12.3286
2.05,10,57,9.89399,17.9946,13.6068
2.05,8,59,6.6032,13.5426,11.1367
2.05,8,67,6.48402,14.2546,11.8063
2.05,8,35,8.02108,14.0325,10.4912
2.05,11,136,11.2972,19.4206,14.1365
2.05,12,104,7.25489,21.356,15.0859
2.05,11,115,6.77019,18.7627,13.6644
2.05,14,114,11.0575,26.5083,16.9406
2.05,10,45,6.74631,17.5537,12.1871
2.05,9,58,6.65433,14.9553,10.3694
2.05,10,101,6.57829,17.0252,12.6053
2.05,8,33,5.88004,12.3566,9.12588
2.05,10,67,7.99002,17.9751,14.1916
2.05,10,91,6.52776,16.6157,12.6979
2.05,8,29,6.00864,12.3703,9.09485
2.05,8,62,7.05785,12.7613,9.25779
2.05,8,67,6.19403,14.1416,11.6264
2.05,8,51,6.38567,14.2139,12.144
2.15,7,26,5.80364,11.9876,8.46231
2.15,8,60,6.22455,13.2695,8.86023
2.15,10,85,7.97234,18.0392,13.3216
2.15,10,61,6.74636,17.291,12.2473
2.15,8,34,6.35026,14.3042,11.0966
2.15,9,52,6.41851,16.3622,13.2027
2.15,10,71,8.4158,18.369,13.9299
2.15,9,41,7.43624,15.4834,10.8574
2.15,6,21,5.62492,10.4341,7.93921
2.15,9,158,6.81913,16.3089,9.33193
2.15,8,36,6.38891,13.1832,10.2697
2.15,7,22,6.11103,11.3762,8.66156
2.15,8,29,7.70018,14.3592,11.2096
2.15,8,50,6.55737,14.8492,11.072
2.15,7,60,6.0661,12.7322,9.48234
2.15,8,49,6.90967,14.0353,9.39944
2.15,7,87,6.09331,11.9572,9.93156
2.15,6,42,5.94045,10.0134,7.07209
2.15,9,132,7.33422,15.3625,12.0623
2.15,8,125,6.65722,14.228,11.0552
2.15,9,52,6.03561,15.5772,11.906
2.15,8,44,5.18207,13.0989,8.5004
2.15,8,116,5.7594,13.9848,10.4332
2.15,8,36,6.78587,14.2629,8.73198
2.15,7,43,6.07978,11.9886,8.34064
2.15,7,55,5.85019,11.6479,8.58313
2.15,7,63,5.66311,10.894,7.75979
2.15,9,51,6.82987,15.5808,12.2049
2.15,8,44,7.74232,14.4661,9.59089
2.15,7,30,5.27672,11.2305,8.71519
2.25,6,22,5.74878,10.0583,7.89076
2.25,9,58,5.3528,15.9035,12.212
2.25,10,123,6.95904,19.1115,13.4485
2.25,6,26,5.92278,10.9954,8.12691
2.25,8,46,6.85668,15.721,10.3587
2.25,11,124,9.65568,21.9839,16.0696
2.25,11,74,7.43774,21.8875,16.3789
2.25,7,25,5.54313,12.7224,10.7732
2.25,9,59,6.35543,17.7673,12.7795
2.25,10,72,7.39398,18.4666,14.5663
2.25,10,108,8.93944,19.9429,15.236
2.25,7,29,5.44586,13.0266,9.76375
2.25,9,71,8.10389,17.5203,13.3886
2.25,8,36,5.65058,14.8448,11.0655
2.25,9,43,6.96859,17.8569,13.127
2.25,8,74,5.59588,15.0364,12.0322
2.25,7,75,6.40392,12.2483,8.40859
2.25,7,86,5.5828,12.8991,10.3515
2.25,7,105,6.41311,12.6796,8.08701
2.25,7,105,7.404,12.3887,8.21768
2.25,7,44,6.06921,12.1085,8.65631
2.25,7,31,5.98414,12.3561,8.87168
2.25,9,93,6.85618,17.7636,12.636
2.25,8,48,5.71487,13.8871,10.9408
2.25,7,33,5.88114,12.2752,8.28403
2.25,8,54,6.49279,14.6331,11.7316
2.25,10,51,7.79423,19.912,13.7053
2.25,6,25,5.98983,11.21,8.82251
2.25,8,57,8.49872,15.3478,10.8627
2.25,8,44,6.94993,15.6318,12.4066
2.35,7,60,5.89938,12.532,9.79559
2.35,9,58,7.76686,17.1188,11.2362
2.35,7,95,7.08231,13.8847,11.1989
2.35,8,68,6.50886,16.3047,10.9009
2.35,7,37,6.28778,13.282,7.90191
2.35,7,36,6.36111,12.5398,9.78333
2.35,6,26,5.41705,11.6419,8.40507
2.35,7,29,6.73765,13.3001,9.58292
2.35,8,81,6.08943,14.9442,11.6682
2.35,8,63,5.31244,13.3292,11.1118
2.35,8,63,6.9266,15.8557,11.5421
2.35,9,88,7.77961,18.4827,13.4123
2.35,10,107,7.2766,21.0352,15.9027
2.35,7,36,5.84447,12.6088,10.5727
2.35,8,33,6.68002,15.0428,11.7407
2.35,11,136,8.00991,20.7645,14.7579
2.35,7,41,6.39092,13.3339,9.39246
2.35,7,34,6.52853,13.9151,9.36674
2.35,9,134,7.0647,18.6069,13.3161
2.35,8,124,5.576,14.3077,10.6816
2.35,6,37,5.20121,11.6673,9.50579
2.35,8,57,5.91656,15.1417,13.0065
2.35,7,33,5.32048,13.8654,8.31717
2.35,10,69,8.87731,18.4284,12.6502
2.35,7,37,5.37382,13.8853,10.3411
2.35,10,71,8.20278,19.7069,14.5479
2.35,8,52,8.22917,15.4784,10.7625
2.35,9,47,5.49707,16.4572,13.8413
2.35,8,44,6.41092,14.9589,11.0182
2.35,7,66,6.33267,13.4475,9.77666
2.45,10,75,8.52913,19.9713,14.7211
2.45,7,64,6.10283,13.7087,11.7162
2.45,8,137,7.51637,15.0078,11.0995
2.45,8,31,6.26437,16.4823,10.7896
2.45,11,81,8.24897,22.2584,15.468
2.45,7,80,5.65106,14.0601,10.3623
2.45,7,30,5.32261,12.5113,9.92337
2.45,7,63,6.50724,14.5783,12.1817
2.45,9,73,6.20459,18.8305,14.0195
2.45,7,36,6.37967,12.4833,9.77004
2.45,8,47,5.59848,16.2631,11.9472
2.45,8,86,6.76777,17.0792,13.4003
2.45,8,103,6.33375,15.63,12.083
2.45,6,39,5.38266,11.8475,10.1447
2.45,8,87,7.07104,16.9362,12.6997
2.45,9,63,7.69883,16.3939,12.7608
2.45,11,254,8.19608,22.0754,16.2868
2.45,8,47,5.72637,16.8119,13.7356
2.45,11,133,7.39272,22.9512,16.7805
2.45,8,68,6.32484,15.3851,10.5268
2.45,9,85,6.92231,18.7485,14.3462
2.45,9,65,6.47633,17.8822,14.3723
2.45,7,28,6.11161,13.8618,10.1122
2.45,8,106,8.88355,14.7189,10.0029
2.45,7,66,5.66543,13.4286,10.3632
2.45,11,57,8.12692,21.8617,16.687
2.45,8,102,6.91669,14.7991,11.3897
2.45,8,63,6.60407,16.1574,12.3424
2.45,10,59,8.35464,20.6623,13.1669
2.45,9,43,7.64596,17.6005,13.7662
2.55,7,40,4.64009,13.252,11.0447
2.55,7,53,5.69208,15.1444,11.3608
2.55,9,95,6.82861,18.3536,13.7061
2.55,7,45,5.27806,13.9388,9.97746
2.55,8,51,6.65846,15.9621,11.2004
2.55,7,102,5.85432,14.705,11.6059
2.55,8,46,5.89024,15.5944,12.6578
2.55,10,128,7.10712,20.6193,14.087
2.55,6,42,5.39371,12.6377,9.59952
2.55,7,37,6.01081,14.7134,9.72475
2.55,6,29,5.45063,11.445,8.58789
2.55,7,56,7.43956,15.1924,10.9608
2.55,7,117,5.16127,14.2472,9.81048
2.55,6,54,5.62842,12.169,9.07788
2.55,11,78,8.19422,23.4521,15.1431
2.55,7,32,5.29753,13.7243,10.8817
2.55,7,47,6.53659,14.8237,10.8945
2.55,10,122,9.48941,20.1455,12.7488
2.55,10,65,7.13017,21.2019,15.1536
2.55,7,49,6.11742,13.8713,9.96916
2.55,10,90,5.88905,21.2493,16.613
2.55,8,47,7.31194,17.1318,12.7747
2.55,8,77,5.44737,15.846,12.5697
2.55,7,66,6.58582,14.7822,11.5908
2.55,8,140,7.04691,17.0675,11.1808
2.55,7,55,6.81161,12.8153,9.80065
2.55,8,166,6.45432,15.0906,11.2162
2.55,9,53,6.99252,18.2311,11.4158
2.55,9,87,6.43389,18.8193,14.1411
2.55,9,77,6.79928,19.2434,12.9884
2.65,12,148,11.3565,26.8973,16.7832
2.65,9,70,7.1625,20.6308,12.6288
2.65,7,50,6.20705,13.895,10.836
2.65,10,153,7.07504,21.3934,16.4529
2.65,8,125,6.40476,17.0948,13.4895
2.65,7,29,6.17583,14.2803,9.42892
2.65,10,152,7.6604,21.5997,16.718
2.65,8,95,6.0723,17.4405,12.7109
2.65,8,74,7.12863,17.3008,11.8564
2.65,6,42,5.00502,12.1342,7.85251
2.65,9,143,9.17686,21.1914,16.3625
2.65,10,259,7.94712,21.414,16.5864
2.65,9,113,7.28154,18.8993,13.8567
2.65,8,57,7.8589,17.1952,13.2723
2.65,9,101,7.31133,18.8433,13.958
2.65,9,70,6.65516,19.201,13.9612
2.65,9,58,7.9722,19.7348,15.3178
2.65,8,98,5.43346,16.3242,12.3869
2.65,8,139,6.43407,17.8648,12.1961
2.65,12,120,9.80801,28.0387,19.9547
2.65,11,183,8.80906,26.2882,18.4444
2.65,8,68,6.69041,17.7357,13.2888
2.65,7,48,6.9719,15.6214,10.54
2.65,10,157,7.72577,22.0315,15.1177
2.65,10,73,7.52082,20.965,15.3118
2.65,10,70,8.98169,21.2082,15.3593
2.65,6,44,5.99792,13.0602,9.23711
2.65,7,126,6.13172,15.443,10.1855
2.65,9,54,7.14387,19.8122,14.2707
2.65,9,205,7.20006,20.6317,14.9597
2.75,8,52,7.68221,17.9937,13.2918
2.75,10,88,6.09119,23.8259,18.0929
2.75,7,63,5.83036,15.6042,10.7655
2.75,8,138,6.4223,16.6232,11.4962
2.75,9,205,7.60712,20.5911,14.7677
2.75,8,114,6.29928,18.6802,12.471
2.75,8,286,6.15289,18.7918,13.645
2.75,9,90,7.64785,19.4917,14.8009
2.75,8,38,8.10496,17.9519,12.6056
2.75,7,89,5.55568,14.644,11.0415
2.75,7,93,6.43653,14.8275,10.2535
2.75,8,187,7.2667,19.0145,14.4471
2.75,8,45,6.29002,17.6969,11.9174
2.75,7,108,5.25909,14.5305,12.7362
2.75,8,96,5.49377,17.4526,14.5708
2.75,8,85,6.65686,16.1308,10.8995
2.75,6,36,5.06558,11.0983,8.71388
2.75,11,75,8.73816,25.8231,18.1119
2.75,7,53,5.69414,14.3659,11.4512
2.75,7,33,6.6591,15.0404,11.4937
2.75,7,68,4.7574,16.3723,12.0031
2.75,10,106,8.2148,24.0456,15.4151
2.75,10,82,7.49778,22.004,15.2353
2.75,8,107,5.68416,17.4064,12.6705
2.75,7,46,6.89044,14.2772,10.3669
2.75,13,173,12.9068,32.1289,23.2759
2.75,8,145,6.32796,17.8605,11.1004
2.75,8,56,5.26326,16.7952,12.597
2.75,9,48,7.314,19.6794,14.7401
2.75,8,44,5.55891,18.6627,13.6273
2.85,8,77,8.37186,18.6547,14.333
2.85,8,99,9.08273,18.0411,12.2405
2.85,7,60,6.83822,16.1059,12.0891
2.85,8,60,7.62603,17.3174,12.0279
2.85,9,66,7.94216,21.9315,16.1037
2.85,6,45,5.77318,13.2048,10.1231
2.85,6,27,4.87731,11.6527,9.59677
2.85,8,84,5.82297,18.2843,13.4147
2.85,8,53,6.95897,17.6061,13.2489
2.85,9,86,6.93009,20.5673,14.9959
2.85,9,62,8.13122,20.5058,15.1422
2.85,10,83,8.47674,24.3713,18.4895
2.85,6,45,5.24978,13.5732,10.2654
2.85,7,85,6.78212,15.9587,13.0453
2.85,6,41,5.06504,13.879,11.0853
2.85,6,134,5.47095,12.1805,9.25887
2.85,9,133,7.47333,20.2544,16.0373
2.85,6,51,6.34461,12.6702,10.7419
2.85,8,97,5.09331,17.4512,12.9694
2.85,6,133,5.51886,12.79,10.1918
2.85,6,34,5.52919,13.1141,9.36841
2.85,7,49,6.36001,14.3326,10.8117
2.85,7,38,5.9999,15.4111,11.1683
2.85,6,39,4.87294,12.8915,10.1683
2.85,8,130,6.29852,18.0654,14.6346
2.85,6,39,5.26175,11.9887,9.42136
2.85,7,91,6.77987,16.1769,11.5521
2.85,7,97,6.40012,13.7345,10.0424
2.85,9,95,8.15938,21.3078,16.3471
2.85,8,127,7.22841,19.2928,13.8074
2.95,7,110,7.08716,16.5992,12.5703
2.95,7,72,6.76196,16.3901,13.2937
2.95,8,152,9.68054,20.3597,12.6982
2.95,5,73,5.05106,11.6665,7.26248
2.95,9,63,8.00641,19.7159,15.0683
2.95,7,74,6.05782,16.8853,12.2502
2.95,7,44,6.92332,15.2523,11.8301
2.95,5,43,4.75662,11.5054,9.3056
2.95,5,32,4.61901,10.6655,9.17507
2.95,8,89,6.79261,20.2158,15.0008
2.95,6,47,5.4648,13.1113,9.49221
2.95,7,48,6.13816,15.8189,10.8992
2.95,7,58,6.6407,16.002,12.3447
2.95,7,104,7.04207,16.141,12.6526
2.95,10,95,9.66352,24.3131,15.3569
2.95,8,66,6.78551,18.1423,14.1334
2.95,8,57,5.86977,18.5874,13.0882
2.95,6,97,5.50865,13.7405,8.65131
2.95,6,83,5.72126,14.014,11.5428
2.95,7,91,7.73421,16.6013,12.7962
2.95,10,49,7.90066,23.9248,18.2568
2.95,9,92,7.1179,22.8504,17.4147
2.95,7,112,5.77192,16.7772,11.4097
2.95,8,87,6.48621,16.0674,11.1312
2.95,8,145,5.92394,20.336,15.1671
2.95,10,69,9.63349,24.6675,17.4033
2.95,7,96,8.11651,16.994,10.9918
2.95,8,195,5.53936,18.4179,12.8556
2.95,7,81,7.94781,16.7695,11.3658
2.95,7,96,5.76651,17.2135,11.5908
3.05,6,32,5.65159,14.4113,10.434
3.05,10,99,8.61776,23.6857,16.9255
3.05,6,187,5.73132,13.8146,8.89182
3.05,8,95,7.01549,18.1188,13.6532
3.05,7,47,5.93635,18.0578,12.2496
3.05,7,80,6.21336,16.6298,12.2204
3.05,8,55,6.63963,18.4972,14.7711
3.05,6,46,4.96819,14.5909,11.208
3.05,7,154,5.69538,17.943,14.2151
3.05,7,64,6.47439,16.6848,13.0426
3.05,5,51,5.11918,11.3463,8.31764
3.05,9,71,8.37241,24.0676,17.104
3.05,7,161,5.49332,16.6813,11.9716
3.05,9,159,7.12465,21.0092,15.7045
3.05,7,43,6.35423,17.7171,12.6477
3.05,7,72,5.49751,17.1114,12.7247
3.05,6,25,5.98716,13.7364,9.44851
3.05,6,58,5.53979,14.3457,11.6932
3.05,7,31,6.25079,16.1536,12.3635
3.05,7,67,5.47319,17.2284,11.0618
3.05,7,105,5.58673,17.1061,11.6906
3.05,7,57,5.84318,17.0024,13.1078
3.05,7,130,6.0642,16.7911,10.8024
3.05,9,62,6.75837,23.758,17.36
3.05,8,110,5.97931,20.7125,14.9532
3.05,11,158,8.84688,28.106,20.6206
3.05,6,98,5.00826,12.5422,10.4127
3.05,6,62,6.03162,12.7197,10.1502
3.05,6,60,6.96442,14.5418,11.1483
3.05,8,73,6.31743,17.6522,12.9813
3.15,9,120,7.42202,21.6547,16.5694
3.15,7,82,6.63782,16.2471,12.5582
3.15,8,47,6.46706,19.9916,13.7978
3.15,6,47,5.37008,14.3812,10.8307
3.15,6,27,5.43476,12.8545,9.67274
3.15,6,69,4.45247,14.1708,11.3249
3.15,6,65,6.09839,14.4408,11.2387
3.15,7,54,5.17031,17.2415,12.762
3.15,7,63,7.1467,17.7842,13.5497
3.15,6,31,4.7617,13.6311,9.75554
3.15,12,286,13.0067,32.5444,23.7099
3.15,6,29,5.07458,14.6139,9.55869
3.15,8,67,6.20244,18.1284,12.9763
3.15,7,53,7.28074,17.9317,12.7419
3.15,6,56,5.37969,13.9228,9.9606
3.15,8,59,7.25682,18.2461,14.3282
3.15,6,111,5.46386,13.8918,9.85327
3.15,8,175,5.0681,17.6042,13.697
3.15,7,70,6.34491,18.1892,14.4556
3.15,7,89,6.61246,17.6068,10.7246
3.15,7,70,6.01234,16.5144,13.4634
3.15,7,114,5.57889,18.3985,13.6596
3.15,6,59,4.85744,13.1497,9.51086
3.15,7,42,5.15987,17.354,13.6653
3.15,9,101,9.2285,23.1733,14.148
3.15,8,70,7.03963,21.5561,13.3404
3.15,7,37,7.19461,17.464,13.8882
3.15,7,65,5.7044,16.8736,13.6244
3.15,7,69,5.21295,16.4227,11.6149
3.15,7,91,5.17362,17.2619,12.2852
3.25,8,141,5.89994,20.0648,15.2655
3.25,7,102,5.16061,18.6995,12.6411
3.25,6,40,4.89718,13.3108,9.67831
3.25,6,70,4.73259,14.5343,10.1242
3.25,8,45,6.08619,19.7466,13.3953
3.25,7,41,5.97966,16.3971,13.2669
3.25,8,106,7.7327,22.4464,16.3651
3.25,9,108,7.94449,24.4578,19.5006
3.25,7,55,6.5937,17.9613,13.1399
3.25,8,170,5.98041,21.3446,16.6621
3.25,10,135,6.55654,25.4746,20.2449
3.25,6,82,4.60519,14.5224,8.43268
3.25,8,164,7.73996,19.6176,14.3393
3.25,6,27,5.23993,13.357,10.4624
3.25,6,62,5.70835,16.0483,11.6791
3.25,6,63,5.76945,15.4257,11.3901
3.25,7,108,6.45139,18.1209,14.724
3.25,7,105,7.3515,17.3087,12.5428
3.25,9,50,6.46696,25.2931,18.4893
3.25,6,81,5.21356,15.6169,10.4183
3.25,7,104,5.76996,16.9728,11.8662
3.25,7,119,5.30496,17.9969,15.2952
3.25,7,200,4.61617,17.6121,13.9953
3.25,7,124,6.59387,18.139,12.8545
3.25,6,58,5.37289,16.0202,12.7799
3.25,6,38,5.31618,13.4534,9.48902
3.25,10,143,8.81322,27.1471,16.7812
3.25,7,113,5.38962,18.8754,13.2735
3.25,8,64,6.03447,22.0094,16.4563
3.25,6,61,6.38783,13.3786,10.6377
3.35,9,133,7.27494,23.9175,16.1729
3.35,6,236,5.15567,14.7242,11.5693
3.35,5,92,5.55749,11.9608,8.1185
3.35,8,98,6.76449,21.0695,16.4206
3.35,6,75,5.20356,14.9212,12.239
3.35,5,114,5.11138,11.8245,9.0995
3.35,6,58,5.51514,16.5006,11.1448
3.35,7,43,5.31347,16.5489,14.5772
3.35,6,106,5.53414,14.9884,10.9005
3.35,7,69,6.30824,19.7786,12.5271
3.35,7,149,6.73416,17.4236,12.9649
3.35,10,85,7.17776,27.4727,18.454
3.35,7,107,5.6759,16.8886,11.3734
3.35,7,81,6.14701,17.2105,13.6042
3.35,9,178,8.12691,26.2215,18.9403
3.35,7,53,7.11629,19.4047,13.212
3.35,6,199,4.44086,14.2529,12.0932
3.35,10,184,6.53988,25.633,17.7923
3.35,7,94,6.0234,17.3496,13.2066
3.35,6,49,5.32768,14.9794,11.6643
3.35,5,35,5.574,12.553,10.6805
3.35,7,48,6.64897,17.734,13.525
3.35,8,104,7.18136,22.4535,16.5808
3.35,6,94,4.83026,13.9991,10.82
3.35,6,43,4.62091,13.6809,10.7956
3.35,9,81,9.31825,24.5712,16.4328
3.35,7,56,7.46581,17.2142,13.2522
3.35,7,42,5.03419,16.0128,11.233
3.35,11,162,8.23114,30.2503,20.8656
3.35,6,49,5.67656,16.5769,10.0825
3.45,5,71,5.19683,13.322,9.6737
3.45,6,53,4.41544,12.7743,10.5492
3.45,7,61,5.56001,18.814,12.0384
3.45,7,67,5.81393,17.2601,12.2494
3.45,7,101,6.07999,17.9421,14.3678
3.45,6,32,4.6013,14.6914,10.8564
3.45,8,109,6.74067,23.7141,16.9534
3.45,9,126,5.92615,27.0054,19.5296
3.45,8,235,6.64895,20.8085,14.5744
3.45,9,90,8.96862,26.4826,18.4419
3.45,8,122,7.1696,19.8215,14.612
3.45,7,65,5.42407,19.2528,15.1852
3.45,8,51,7.62704,20.0783,15.2519
3.45,6,180,6.38575,13.9094,11.5004
3.45,6,37,5.41063,15.2755,12.1745
3.45,9,173,6.75518,24.5711,17.2084
3.45,7,224,6.83719,20.5666,14.1518
3.45,7,42,6.30775,17.287,13.0602
3.45,6,129,6.47139,16.706,13.2092
3.45,5,38,4.63782,12.8299,9.26017
3.45,7,116,4.70406,16.6604,11.3544
3.45,5,47,5.09805,13.257,10.3735
3.45,9,280,8.3559,23.9194,16.5149
3.45,7,111,5.91001,17.2771,14.046
3.45,7,88,7.18766,20.0352,14.1152
3.45,7,103,6.0746,17.9882,15.6029
3.45,6,98,5.19102,15.5068,11.5699
3.45,7,71,5.63475,17.5949,12.5848
3.45,5,33,4.65896,11.4307,7.24449
3.45,5,119,5.22893,13.681,10.2232
3.55,7,44,7.54561,19.7085,13.2226
3.55,7,59,5.15924,18.8813,13.293
3.55,6,62,5.40607,14.1986,10.8154
3.55,9,102,8.82155,24.7634,17.5118
3.55,13,136,10.8311,37.0688,22.4258
3.55,7,152,7.48062,19.3177,12.9949
3.55,5,24,4.70639,13.4577,9.0241
3.55,8,121,6.80084,23.2119,15.33
3.55,6,56,5.44393,16.7284,10.4451
3.55,10,114,8.17694,28.601,20.745
3.55,6,32,5.18147,15.9964,10.9354
3.55,6,107,4.83054,14.532,11.3259
3.55,7,51,5.82993,17.9612,11.8963
3.55,6,63,6.65193,16.4842,12.4296
3.55,9,74,8.3727,23.64,14.9024
3.55,5,37,4.98988,13.3303,9.10691
3.55,8,67,6.69443,22.8188,17.8006
3.55,7,84,5.96934,18.2839,12.742
3.55,6,53,5.02314,15.1905,10.6649
3.55,6,35,5.33656,13.6372,10.1476
3.55,9,65,8.14998,26.7472,19.0322
3.55,7,81,5.37556,18.5204,13.2331
3.55,5,29,4.17554,12.0406,8.57191
3.55,7,80,6.12029,17.7212,11.8418
3.55,8,122,7.39244,23.6598,15.686
3.55,10,117,8.35832,28.853,20.2629
3.55,6,75,5.73388,16.4744,11.6399
3.55,5,245,5.12227,13.522,10.165
3.55,6,27,4.67509,15.2811,10.6889
3.55,7,53,5.87334,20.1478,14.6263
3.65,6,139,6.45467,15.3833,11.9443
3.65,8,115,7.291,19.5963,12.1999
3.65,5,82,5.08008,14.5705,10.7315
3.65,8,135,7.40867,23.3183,17.3456
3.65,5,28,4.74619,12.8466,10.5717
3.65,8,104,6.94757,23.2623,15.8416
3.65,7,87,5.37414,21.0671,16.8301
3.65,6,60,5.51573,14.6215,9.99069
3.65,7,121,6.40641,15.9983,11.5604
3.65,8,130,7.7137,23.5161,16.9139
3.65,8,84,8.02244,20.2,13.6269
3.65,5,44,4.83776,14.1055,10.022
3.65,7,39,6.68456,19.531,13.866
3.65,6,38,5.60314,14.2568,9.41976
3.65,5,48,4.96677,14.5002,11.6452
3.65,7,92,5.46796,16.854,11.817
3.65,5,32,4.99259,14.2192,10.8882
3.65,6,81,4.2942,14.7074,12.6231
3.65,7,83,6.3998,21.0766,13.3421
3.65,6,47,3.97136,14.8257,12.6835
3.65,7,114,6.38822,18.7448,13.3969
3.65,5,62,4.19348,12.0213,9.08295
3.65,10,363,10.137,25.9999,19.1668
3.65,6,58,5.97306,15.9809,13.3129
3.65,8,85,6.52276,24.1831,14.7773
3.65,5,46,4.82421,12.8872,9.87899
3.65,7,42,5.85258,17.522,12.2983
3.65,6,56,5.91277,17.7863,14.0497
3.65,7,146,5.62731,21.7646,13.968
3.65,6,110,4.44881,17.3578,13.5971
3.75,6,258,4.21591,16.208,14.5731
3.75,5,32,4.79748,14.359,10.6518
3.75,8,156,8.95173,25.5114,18.8617
3.75,7,176,6.6367,18.2493,15.0932
3.75,8,54,5.57032,23.8949,15.9462
3.75,8,66,8.87058,24.9018,18.6262
3.75,7,84,6.20427,22.3507,15.986
3.75,7,110,5.6328,18.3432,15.0039
3.75,7,161,4.76734,18.6342,14.5418
3.75,9,225,8.33725,28.1434,19.9337
3.75,8,199,7.75194,23.781,17.2781
3.75,7,53,7.00604,18.1375,12.8454
3.75,5,77,5.15055,14.5278,10.0959
3.75,5,172,4.91999,14.4825,11.0957
3.75,6,134,4.891,16.5587,12.678
3.75,5,76,5.51346,14.9842,10.6078
3.75,7,84,4.98559,18.89,11.8525
3.75,9,200,6.9359,27.2724,19.1252
3.75,6,44,4.57842,15.3399,11.0209
3.75,7,222,5.92702,17.763,13.0044
3.75,6,55,3.99049,15.3557,10.2424
3.75,5,59,5.15994,13.4297,10.8873
3.75,6,59,5.16295,16.2973,11.8182
3.75,5,223,5.39499,14.9017,10.4862
3.75,7,119,5.66051,19.6954,14.4832
3.75,5,37,4.82201,13.1562,9.68962
3.75,7,128,6.4172,20.7401,14.2378
3.75,6,106,5.49332,17.8515,10.4665
3.75,6,47,5.29596,16.1,11.7427
3.75,6,72,5.45533,18.1518,14.8669
3.85,6,41,4.9121,15.5747,11.3454
3.85,6,69,4.9535,15.6289,10.9026
3.85,5,142,4.97168,15.2466,11.3322
3.85,7,122,8.37284,21.9729,15.603
3.85,7,80,5.18833,19.4823,14.8973
3.85,6,85,5.5802,16.6976,14.2819
3.85,6,202,4.82199,18.7515,14.4538
3.85,6,41,5.52685,16.0252,13.0835
3.85,7,63,6.21545,20.8854,15.8373
3.85,8,65,7.22067,24.3592,17.1899
3.85,10,137,7.74914,30.0611,18.9431
3.85,7,169,8.89501,21.45,17.2447
3.85,6,55,4.75498,17.4683,12.2571
3.85,6,127,5.35985,19.0108,13.0416
3.85,8,204,8.6712,23.9351,16.0729
3.85,5,72,4.90082,14.3999,10.4055
3.85,10,153,8.55059,28.9634,20.4929
3.85,5,41,5.26763,15.2569,12.1805
3.85,6,82,5.29966,18.0886,11.3787
3.85,7,101,5.86001,18.7837,13.3128
3.85,8,234,5.14409,24.9302,18.5258
3.85,8,96,6.63282,22.6653,15.4024
3.85,6,89,5.15293,15.4806,11.8037
3.85,6,67,5.47854,14.2587,9.22963
3.85,8,90,6.41803,24.3759,17.3398
3.85,6,45,4.8937,16.5805,13.1974
3.85,7,55,5.68215,17.2504,12.8869
3.85,7,93,6.43766,22.9949,16.6884
3.85,6,32,5.10587,16.2049,12.3195
3.85,7,248,6.41856,19.8895,15.5849
3.95,7,101,7.3605,22.0791,15.5834
3.95,5,45,4.06264,12.9357,11.5688
3.95,8,155,6.80118,22.4234,16.0922
3.95,5,53,3.67225,12.9901,11.4054
3.95,8,117,6.80472,22.5616,14.8833
3.95,5,65,4.61912,15.1299,10.9366
3.95,6,88,5.77748,19.727,14.0621
3.95,6,52,5.23208,18.8966,14.8128
3.95,6,34,5.29682,17.4742,14.2911
3.95,7,101,5.73017,19.6571,15.6978
3.95,6,116,5.53185,18.7283,13.0805
3.95,7,159,7.17722,19.8067,13.9804
3.95,7,45,6.84742,22.8975,16.2453
3.95,6,157,4.87122,16.6346,12.6879
3.95,5,60,4.81409,13.2087,8.27993
3.95,5,25,4.52174,13.5285,10.7067
3.95,6,41,5.94442,19.2338,12.5543
3.95,6,66,5.44082,16.4279,12.1198
3.95,6,52,5.57696,17.2331,13.1951
3.95,5,45,5.36534,15.1254,12.4717
3.95,6,40,6.13642,17.7029,10.862
3.95,8,133,7.0046,23.4524,15.4985
3.95,7,90,5.61601,20.2442,16.4256
3.95,9,219,8.00704,24.7771,17.0572
3.95,5,37,4.58748,12.5174,10.4664
3.95,5,100,5.3338,14.68,11.4674
3.95,6,256,5.0842,17.4558,12.6136
3.95,7,206,6.23301,22.5531,17.5927
3.95,8,175,6.84421,22.5382,18.1985
3.95,8,74,7.98552,22.8559,15.9195
4.05,6,66,5.23063,19.5094,13.8257
4.05,8,77,6.47555,22.9879,16.8905
4.05,6,68,6.61566,17.9817,12.2506
4.05,5,47,4.52079,15.9088,10.5574
4.05,8,281,9.73334,24.6353,18.7174
4.05,6,31,5.1883,16.7061,12.0969
4.05,6,73,5.68987,15.3466,12.6942
4.05,6,60,5.56525,16.8492,11.7215
4.05,7,215,7.83618,22.5673,16.2537
4.05,7,91,6.88318,22.5125,17.8835
4.05,8,185,5.95455,19.7372,15.429
4.05,7,83,6.93893,23.6988,18.5161
4.05,7,157,6.40074,22.7259,17.0703
4.05,7,81,5.87482,17.4369,11.5921
4.05,7,263,8.39968,20.2178,15.4625
4.05,8,103,10.8765,26.4211,18.278
4.05,6,101,4.35585,15.331,10.7939
4.05,5,103,5.66478,15.0128,11.9133
4.05,6,174,5.14571,17.0387,12.3255
4.05,8,172,6.92693,24.6175,17.0764
4.05,6,80,4.48131,18.3968,13.6772
4.05,5,68,6.11033,16.0874,11.3696
4.05,6,72,4.99128,16.3593,12.138
4.05,7,207,5.64371,17.7132,13.1967
4.05,5,177,4.65964,15.2288,10.7064
4.05,7,234,6.53736,20.8973,15.4534
4.05,6,49,5.69764,19.9129,16.2389
4.05,5,136,5.4451,14.1027,11.1401
4.05,6,29,5.4021,16.0402,11.2894
4.05,7,198,5.59352,20.3082,15.7588
4.15,5,29,5.36678,14.7734,10.5779
4.15,7,104,4.7364,23.1788,15.798
4.15,6,77,6.64523,19.9375,13.7752
4.15,5,56,5.48998,14.2401,11.1381
4.15,8,95,6.39685,25.7903,16.5521
4.15,7,78,8.48486,21.3182,14.1735
4.15,5,81,4.7799,15.0166,11.666
4.15,6,35,5.58401,15.6957,11.9362
4.15,6,76,6.35866,20.1491,15.4688
4.15,6,92,5.34782,18.1849,14.043
4.15,6,41,5.2868,17.5819,11.46
4.15,5,55,4.82588,13.663,10.2271
4.15,6,69,4.95246,19.0482,13.8635
4.15,6,95,4.97171,18.4086,12.4023
4.15,7,97,5.85547,20.0314,14.2412
4.15,6,85,5.62519,18.3323,13.0146
4.15,7,102,6.83394,20.7579,13.0338
4.15,6,42,4.08003,15.9753,10.3416
4.15,7,73,5.27915,20.7071,12.8319
4.15,6,143,4.7566,17.0677,12.4371
4.15,5,101,5.04191,14.8194,10.1494
4.15,6,30,5.28894,15.9476,11.8931
4.15,6,42,4.26452,16.1579,11.5888
4.15,9,133,9.69915,29.321,20.4741
4.15,7,117,7.33203,21.9181,14.4099
4.15,6,42,4.3743,19.9042,15.6077
4.15,6,192,4.12926,16.7159,11.3833
4.15,6,321,5.22734,17.9514,12.4698
4.15,5,30,4.76161,13.7086,10.3818
4.15,8,81,6.68296,24.4554,16.422
4.25,4,50,3.33629,12.4655,9.04475
4.25,5,186,4.26339,15.2312,11.1668
4.25,6,131,6.20029,19.8991,15.0628
4.25,7,76,4.80943,19.4564,14.1162
4.25,6,57,5.64121,20.107,15.2238
4.25,8,116,5.91332,24.9481,16.8702
4.25,6,113,5.50853,17.1519,13.3804
4.25,7,62,6.91552,21.5828,14.7528
4.25,5,227,5.57571,15.3977,12.0374
4.25,5,109,6.127,14.6172,10.3341
4.25,9,220,9.46512,27.798,18.794
4.25,6,194,5.28753,18.0397,11.9658
4.25,5,49,4.77666,13.9474,11.9665
4.25,7,110,5.39378,21.977,15.1429
4.25,9,196,8.24278,25.0235,15.4638
4.25,6,82,5.21697,18.6336,15.1185
4.25,5,141,3.7539,16.7806,11.5242
4.25,5,71,4.9173,14.295,12.2846
4.25,5,67,3.70511,13.3709,11.7392
4.25,6,132,3.42748,17.6649,14.613
4.25,6,41,6.33941,18.6331,13.5171
4.25,5,126,5.85353,13.3606,11.0069
4.25,6,73,5.35343,16.3459,10.9975
4.25,6,85,4.80005,16.3631,12.1814
4.25,7,124,5.37137,21.1121,17.1844
4.25,7,144,5.30132,18.6762,14.5338
4.25,5,24,5.2725,12.9039,9.30511
4.25,9,286,8.82806,28.7135,19.8898
4.25,7,85,5.66637,20.2049,16.8307
4.25,7,193,6.6223,21.2813,14.1592
4.35,9,188,9.76682,32.7673,22.8641
4.35,5,32,3.68105,14.0174,11.5965
4.35,6,210,6.53265,18.6859,12.6829
4.35,6,98,6.1621,20.3201,13.0513
4.35,9,125,7.56226,28.9464,19.7813
4.35,7,85,5.03912,20.2221,14.4606
4.35,7,129,5.34018,20.2137,14.8813
4.35,8,208,5.66249,23.7515,18.3855
4.35,5,167,4.76811,16.2937,11.5085
4.35,5,40,4.98122,12.9458,10.0506
4.35,9,243,7.16272,27.2958,18.4628
4.35,7,138,4.55264,22.7679,15.6431
4.35,5,95,5.68247,13.5701,10.4642
4.35,7,143,5.4831,24.9428,16.5189
4.35,7,187,6.2085,21.5558,15.6142
4.35,8,90,5.89812,26.2081,17.8514
4.35,6,139,5.54143,18.2702,14.7312
4.35,5,217,5.24775,15.8544,12.0205
4.35,5,36,4.61437,11.6141,8.68339
4.35,4,70,4.25417,12.3731,8.75549
4.35,7,83,6.51167,21.8863,16.6971
4.35,10,213,8.13317,34.7602,21.1215
4.35,6,94,6.15759,21.5039,14.7598
4.35,5,34,5.34563,15.1619,12.3146
4.35,5,37,4.85101,14.3925,11.3645
4.35,7,78,5.54463,21.393,16.2371
4.35,7,122,5.56116,22.0626,14.5267
4.35,7,107,5.86485,21.2426,14.3038
4.35,8,138,8.37774,27.2711,18.9367
4.35,6,33,6.76209,18.0244,11.0436
4.45,8,142,6.80071,24.8504,17.5284
4.45,9,72,6.6425,29.9951,18.683
4.45,6,128,5.05297,16.2842,12.6495
4.45,5,84,4.82081,15.7008,12.0514
4.45,5,35,4.77038,16.4662,12.3559
4.45,6,49,5.27823,19.8027,13.9444
4.45,6,200,6.52324,18.0386,13.9403
4.45,6,64,4.65244,17.5123,13.7529
4.45,7,190,5.94029,22.6098,17.232
4.45,6,100,4.42256,19.5271,15.6253
4.45,5,82,5.13548,17.6991,12.7258
4.45,5,60,5.17269,12.2766,9.25541
4.45,5,32,4.24678,14.4183,10.6766
4.45,6,105,6.55056,19.9513,15.4985
4.45,6,77,6.08242,16.0736,12.6235
4.45,6,103,5.14687,19.776,13.9721
4.45,7,259,7.83146,24.0912,17.7232
4.45,6,66,5.53376,17.732,13.1199
4.45,5,31,3.82396,14.6991,11.2122
4.45,6,83,5.07379,15.4517,11.3068
4.45,6,474,5.89081,16.1482,11.1323
4.45,6,86,5.553,21.324,15.3904
4.45,6,151,7.28383,19.3849,15.7398
4.45,7,193,6.78644,21.8283,16.5586
4.45,6,218,5.01884,16.0856,10.0831
4.45,6,100,5.04061,21.9518,15.1983
4.45,6,70,4.87789,19.5509,14.8505
4.45,8,219,5.17321,23.2385,15.7942
4.45,7,164,7.27852,20.7056,16.9638
4.45,9,211,9.84205,31.3884,20.8903
4.55,6,171,5.4191,20.0072,13.2614
4.55,5,99,4.50403,14.9109,10.9617
4.55,8,88,6.54723,20.4002,14.8818
4.55,9,96,7.94858,31.9227,20.2361
4.55,7,149,8.12349,21.1802,15.2895
4.55,10,101,8.69334,35.7696,24.4175
4.55,9,141,7.72337,30.3731,21.9985
4.55,9,116,7.29671,31.196,20.5304
4.55,5,56,5.11379,15.4517,11.8601
4.55,8,154,9.02265,25.1052,18.2653
4.55,7,99,5.48923,21.8501,14.2471
4.55,7,65,6.36291,22.4799,13.8566
4.55,5,50,5.04488,16.397,13.0326
4.55,6,90,6.22511,19.1088,11.2432
4.55,7,183,6.54439,25.5688,18.8206
4.55,8,131,6.38148,27.7411,19.274
4.55,6,47,5.95166,18.5331,12.9329
4.55,6,120,6.36133,17.6207,13.0102
4.55,6,119,5.39647,17.1823,11.6357
4.55,9,75,8.13314,30.418,21.6213
4.55,8,195,7.71756,25.3223,16.1868
4.55,7,118,6.39575,23.4248,17.3644
4.55,7,125,5.28913,21.1903,15.8205
4.55,6,167,4.54452,19.059,14.6969
4.55,5,34,4.2448,13.9628,11.3406
4.55,6,56,4.82394,17.7175,12.377
4.55,6,43,5.98782,18.8194,14.2721
4.55,6,217,5.79627,19.5082,15.733
4.55,6,64,5.63393,18.2566,13.6803
4.55,6,61,5.14119,16.6051,13.6084
4.65,5,90,5.59836,16.2875,13.6088
4.65,8,163,6.58837,29.584,21.363
4.65,9,115,7.09674,29.7414,19.8273
4.65,5,246,3.55238,16.4027,14.2327
4.65,7,219,6.54728,20.711,16.171
4.65,6,72,5.08036,19.8101,16.2211
4.65,6,97,4.44739,18.6599,14.254
4.65,8,156,7.16445,30.183,20.3117
4.65,6,70,4.4365,18.6789,14.9559
4.65,7,254,7.01807,20.7991,16.4193
4.65,5,335,5.56988,13.9922,11.1529
4.65,5,89,4.71132,18.2688,11.0052
4.65,6,76,8.79048,19.8254,13.3115
4.65,7,195,6.30162,22.632,17.1996
4.65,7,95,6.21571,21.7336,13.6084
4.65,9,119,8.21339,30.5216,19.3928
4.65,5,52,5.3619,18.2532,14.0411
4.65,7,147,8.2978,21.6801,13.3094
4.65,6,307,5.53032,16.0624,11.5844
4.65,8,208,8.07968,28.8743,20.4284
4.65,5,87,5.18924,14.4617,12.0109
4.65,7,157,8.69707,24.0472,17.2619
4.65,6,42,6.02695,17.8044,12.6035
4.65,6,73,6.93188,19.3642,14.498
4.65,5,96,5.95523,16.7338,12.5938
4.65,5,69,4.40164,14.5333,12.9312
4.65,6,150,5.61464,20.2439,12.2585
4.65,7,140,7.5878,22.9379,17.1645
4.65,6,54,4.62019,19.8463,14.1376
4.65,6,57,6.21586,21.3576,13.8752
4.75,7,118,6.19998,21.8733,14.5467
4.75,7,184,5.13946,20.6507,15.2311
4.75,5,191,5.25557,15.4022,12.8517
4.75,4,41,4.78918,13.6242,10.765
4.75,7,141,8.21539,22.3839,16.3454
4.75,5,41,5.24025,15.1535,10.9277
4.75,6,171,6.32833,21.6252,15.5309
4.75,5,41,4.89172,16.888,12.2711
4.75,6,117,5.54111,19.6783,13.786
4.75,5,74,4.15474,16.5442,11.9414
4.75,7,120,7.02255,23.6037,15.5716
4.75,6,78,6.52106,18.3487,15.3458
4.75,7,227,5.12138,25.5027,18.1238
4.75,8,137,8.43007,29.5006,19.0368
4.75,5,42,5.98504,17.8431,13.037
4.75,7,202,7.01633,21.4772,14.4059
4.75,5,175,4.59255,15.4521,10.6493
4.75,6,80,4.39753,18.6479,12.1569
4.75,8,299,7.01931,24.514,17.7355
4.75,5,92,4.45903,18.9549,12.5956
4.75,7,201,5.99437,24.7793,16.8085
4.75,5,25,4.79949,14.4512,11.4108
4.75,7,108,6.7333,22.1736,13.585
4.75,6,103,5.66674,21.2307,14.4339
4.75,5,238,4.24579,15.0965,11.5387
4.75,6,68,4.17857,21.1792,15.2466
4.75,6,126,7.0161,22.4226,16.8831
4.75,5,276,5.9085,14.9506,11.0008
4.75,8,227,7.74869,27.4456,16.6768
4.75,6,125,4.01914,17.3268,14.3204
4.85,6,55,5.1344,17.0131,12.5636
4.85,5,102,4.29264,16.3213,13.3967
4.85,6,130,5.84898,21.091,14.2229
4.85,5,106,4.1538,14.7993,8.68204
4.85,5,103,5.24812,19.0902,16.3085
4.85,6,33,5.30485,16.8658,14.1083
4.85,5,85,4.96655,15.8441,11.2764
4.85,6,47,5.0246,23.5681,17.9934
4.85,6,160,6.75099,19.6639,12.4064
4.85,7,242,5.89452,24.9209,20.3417
4.85,5,56,5.4082,15.7547,10.8917
4.85,6,109,5.35502,20.5861,14.2198
4.85,5,50,4.55401,18.1377,14.168
4.85,6,298,5.13195,22.4532,14.9843
4.85,5,307,4.46641,16.3563,12.6125
4.85,7,161,5.69606,21.5053,14.6071
4.85,8,131,9.93145,32.0504,20.6439
4.85,5,68,5.72386,17.6772,13.4231
4.85,5,123,5.09803,14.0772,9.31638
4.85,6,114,5.63665,18.8043,14.8079
4.85,8,301,7.54359,23.6706,16.0254
4.85,7,172,6.32487,23.502,18.5646
4.85,5,77,4.85245,14.9888,11.0899
4.85,5,32,5.54067,16.4052,10.8851
4.85,7,101,6.0839,21.2661,14.3179
4.85,5,93,4.58017,18.9669,11.4657
4.85,8,214,6.24957,24,18.2843
4.85,5,47,4.86496,18.3796,13.3401
4.85,8,246,9.34732,26.5135,16.9006
4.85,6,84,5.97881,22.5137,15.6707
4.95,7,110,7.93032,26.9926,19.446
4.95,5,137,4.80731,17.0588,13.6372
4.95,7,128,6.1564,25.944,21.3671
4.95,7,140,6.61422,25.9464,18.3649
4.95,6,50,4.21585,18.8525,13.2256
4.95,7,241,5.54946,23.3155,16.7573
4.95,5,69,5.63781,18.7012,14.3797
4.95,5,79,5.50437,18.5736,13.8512
4.95,5,46,4.86127,15.6725,12.0954
4.95,7,73,6.18565,24.4681,19.0261
4.95,7,98,6.08201,20.2487,14.6804
4.95,6,98,3.99344,18.1242,15.7658
4.95,10,234,9.41855,35.3807,21.9157
4.95,7,195,5.11194,24.3166,19.1458
4.95,7,178,5.70346,21.1234,14.122
4.95,6,97,4.9805,20.0924,15.7529
4.95,7,68,6.13588,25.4856,18.9256
4.95,7,127,5.05738,24.5281,15.5002
4.95,5,51,5.5839,16.397,11.6422
4.95,6,85,4.99504,17.0645,12.4564
4.95,5,57,5.84536,18.4824,15.4482
4.95,8,152,7.20119,25.7757,18.5523
4.95,7,122,7.20688,26.2505,16.826
4.95,5,199,4.64408,17.0543,14.9388
4.95,10,168,11.5321,38.7352,26.5794
4.95,8,260,8.69181,29.1235,17.9
4.95,5,42,4.69059,16.6495,14.4879
4.95,7,359,7.35654,19.35,13.083
4.95,7,152,6.2461,27.1976,18.4514
4.95,6,48,4.93174,20.3075,15.2401
5.05,8,119,7.82643,27.9494,19.9468
5.05,7,317,5.52865,23.0417,16.4139
5.05,6,80,5.96881,20.413,14.7608
5.05,5,53,5.48406,16.4996,12.5038
5.05,7,54,5.3206,23.1893,15.9152
5.05,6,77,5.35096,18.6328,14.8797
5.05,4,47,4.04278,14.4425,13.3649
5.05,7,183,4.68775,27.3457,18.2396
5.05,6,94,5.25067,20.0282,14.1384
5.05,5,74,5.12384,16.8412,11.8596
5.05,8,214,8.04859,25.5582,15.0392
5.05,6,190,6.32186,22.1766,15.5435
5.05,7,105,6.30135,23.3303,21.1344
5.05,6,115,5.11928,23.4144,17.3617
5.05,6,276,5.65912,20.2082,15.5548
5.05,7,78,6.25698,25.4171,17.3256
5.05,5,72,4.82724,13.6731,10.8678
5.05,5,49,4.8041,15.9717,13.0844
5.05,5,32,4.11623,15.7892,10.3402
5.05,5,68,4.8842,16.7979,10.7587
5.05,7,93,6.00207,23.5254,17.9469
5.05,6,43,4.74068,24.1792,16.9247
5.05,7,198,6.86512,20.3466,16.3333
5.05,6,165,5.63542,21.2454,14.367
5.05,5,90,5.60962,18.0145,12.841
5.05,6,78,6.02432,24.1146,17.5168
5.05,7,86,8.07171,22.8048,14.9021
5.05,7,145,6.58736,22.3818,16.2353
5.05,8,383,7.02773,28.6642,19.5258
5.05,5,36,5.74935,16.2056,11.2612
5.15,7,104,6.57215,23.6359,16.8319
5.15,6,271,5.62925,20.9586,15.3381
5.15,7,300,5.67929,24.4674,16.2735
5.15,5,43,4.65623,18.0364,11.8906
5.15,7,164,6.84019,26.329,19.6105
5.15,4,31,3.91342,11.5191,8.70443
5.15,4,36,3.99808,13.4626,8.83396
5.15,6,102,5.14141,22.1214,15.3613
5.15,5,204,4.27901,15.577,11.3034
5.15,7,110,6.23897,28.81,20.3337
5.15,10,109,11.8674,38.808,25.0993
5.15,7,131,5.80161,22.4478,14.8242
5.15,10,310,9.66504,33.6586,19.6261
5.15,6,223,5.23733,20.1112,12.553
5.15,6,172,5.35186,19.1453,12.6189
5.15,6,91,7.30296,19.8937,16.4296
5.15,5,125,3.64456,18.049,12.8475
5.15,4,45,4.94001,13.389,10.4035
5.15,6,96,5.12583,20.2799,15.8343
5.15,6,54,4.52359,18.3464,12.7478
5.15,7,100,6.71676,27.5016,18.5981
5.15,6,105,5.31737,22.3077,14.2811
5.15,5,137,4.73033,17.7784,12.3226
5.15,7,216,7.75274,26.0885,18.7474
5.15,9,104,6.75491,30.8708,20.1083
5.15,5,74,4.29961,16.2359,11.0342
5.15,6,87,6.5983,23.0558,14.4164
5.15,8,237,9.10843,29.5329,20.0709
5.15,6,126,5.55562,19.3586,11.7488
5.15,4,64,3.18547,12.7909,10.0389
5.25,4,40,3.88882,14.5769,9.59251
5.25,8,90,8.2129,30.2403,22.7148
5.25,7,184,6.57823,25.8736,16.5564
5.25,7,106,8.42895,24.4436,15.9746
5.25,6,134,4.74479,20.8574,14.171
5.25,7,62,6.96091,26.6567,20.9776
5.25,7,135,6.47564,25.854,16.1245
5.25,7,314,7.09361,18.9273,14.4438
5.25,6,104,6.4822,22.9096,17.2932
5.25,8,195,7.6849,25.3363,16.8856
5.25,8,127,9.26658,29.7077,22.4931
5.25,5,165,4.92397,16.4169,10.9413
5.25,7,203,6.57394,25.675,16.829
5.25,7,124,6.5807,24.5377,16.929
5.25,9,413,10.9281,34.3144,22.681
5.25,7,272,5.02746,21.9682,16.7787
5.25,5,144,4.7318,16.5211,12.0143
5.25,5,95,4.93415,19.5517,15.0886
5.25,7,157,6.56695,23.505,16.875
5.25,6,131,5.56556,19.6566,16.2447
5.25,8,104,7.51669,26.9916,15.8272
5.25,7,180,6.77605,25.0511,18.0402
5.25,5,46,4.88607,19.6014,14.8732
5.25,5,93,5.21177,19.2341,13.1276
5.25,7,264,5.05666,22.9561,15.2356
5.25,5,62,5.14828,16.2299,12.2044
5.25,7,84,5.71182,25.3366,18.4739
5.25,5,222,5.21241,16.1399,13.086
5.25,5,94,4.05227,18.8095,12.8876
5.25,6,95,6.27228,20.6056,12.6556
5.35,6,236,4.23268,19.451,14.8853
5.35,7,418,5.76898,18.0939,12.9559
5.35,5,104,5.48757,15.4091,13.1882
5.35,8,139,6.2064,28.3805,18.8814
5.35,6,108,7.29874,24.7963,15.5416
5.35,8,354,7.13905,25.4543,17.1272
5.35,5,345,6.22726,16.2398,12.2504
5.35,6,185,5.59205,22.3346,15.5339
5.35,10,285,8.57121,36.9084,23.4676
5.35,6,126,6.00703,24.2353,16.9346
5.35,6,186,5.98255,15.8168,12.3302
5.35,6,53,4.66815,19.1515,11.7956
5.35,8,86,7.69635,29.2711,18.6257
5.35,6,59,6.15232,21.7961,15.2992
5.35,5,48,4.97905,17.1797,13.2856
5.35,5,155,4.67704,17.748,14.1922
5.35,6,142,7.37105,21.9273,17.032
5.35,7,199,5.70394,25.054,16.607
5.35,7,282,9.21633,23.8509,17.9375
5.35,6,198,8.02399,19.775,15.2806
5.35,6,228,5.92416,22.4183,17.2427
5.35,8,173,6.89871,28.6957,19.5695
5.35,6,137,6.72854,21.5235,16.292
5.35,5,57,4.03418,20.1564,13.0305
5.35,7,172,5.82941,23.7388,17.5469
5.35,7,171,6.61631,24.0386,18.0767
5.35,6,58,6.35321,21.7494,15.3533
5.35,6,65,4.61674,21.7965,17.9491
5.35,6,114,5.5219,22.1196,15.1082
5.35,5,154,5.11842,17.9135,15.7353
5.45,6,62,4.88296,21.2319,14.9771
5.45,5,50,4.39722,18.595,13.1177
5.45,7,129,8.36751,27.9816,19.437
5.45,6,283,4.39708,18.0329,15.6626
5.45,7,107,7.06764,24.2223,19.1318
5.45,6,129,3.91527,18.8024,15.363
5.45,7,71,8.61224,28.262,19.4868
5.45,6,116,4.40642,19.6487,14.3493
5.45,5,149,4.47984,15.9981,13.2681
5.45,6,137,6.15557,15.5209,11.808
5.45,7,133,7.91018,22.6151,15.6813
5.45,11,144,10.2304,42.604,28.2639
5.45,6,217,5.11025,22.351,16.9819
5.45,7,467,6.44441,22.9952,13.8297
5.45,7,168,7.14391,25.6469,17.9727
5.45,5,121,5.31609,19.5029,14.959
5.45,5,75,4.54085,17.1859,11.1581
5.45,7,69,9.20205,24.2809,15.7134
5.45,4,141,3.84609,15.9507,12.0691
5.45,9,254,11.3234,36.0926,20.7555
5.45,8,265,7.09623,29.4708,22.2735
5.45,6,168,5.16288,20.0621,14.5434
5.45,6,50,5.88058,19.1415,13.1033
5.45,7,91,6.95923,25.2872,18.7576
5.45,5,224,4.16157,18.515,13.528
5.45,6,346,4.47754,25.0884,18.6554
5.45,6,126,5.63542,21.8129,16.9635
5.45,5,222,4.27163,19.179,12.5562
5.45,4,59,4.63649,14.8474,11.045
5.45,8,296,8.36844,30.1315,21.9665
5.55,5,97,4.37876,16.1101,11.273
5.55,5,163,5.33384,21.3813,16.8231
5.55,4,244,4.59768,10.5243,7.65071
5.55,8,245,7.11212,27.7209,21.6217
5.55,6,101,4.96113,20.5383,15.2256
5.55,5,45,4.73029,13.3727,10.4973
5.55,6,174,4.53177,23.5884,16.9847
5.55,7,170,6.81418,24.1411,19.453
5.55,10,287,9.60055,40.7169,25.2229
5.55,5,67,5.95456,17.1948,11.9757
5.55,4,47,4.89534,14.7636,11.5721
5.55,6,289,5.00718,17.2615,10.8917
5.55,5,108,3.77007,20.7328,16.069
5.55,6,105,5.67477,22.3583,14.8241
5.55,6,81,4.0548,24.1469,19.4378
5.55,8,158,8.63144,30.3172,20.6645
5.55,7,74,7.17829,26.184,19.8723
5.55,7,129,6.19464,28.4476,19.1473
5.55,5,87,5.02298,17.7075,13.7803
5.55,7,133,7.69498,24.5589,16.4121
5.55,7,165,5.88889,26.2648,15.4658
5.55,5,209,5.05112,17.5188,10.7737
5.55,5,139,6.08846,16.0885,9.80789
5.55,8,213,8.15769,31.2584,23.3595
5.55,7,111,7.4372,23.7336,15.8138
5.55,7,99,8.12564,30.1485,19.5509
5.55,5,150,4.01079,18.5345,13.3815
5.55,7,184,5.02969,22.3158,15.0708
5.55,5,166,5.47162,17.0361,11.2512
5.55,5,83,5.03571,15.4441,11.1853
5.65,6,65,7.04789,24.2784,17.9458
5.65,4,41,4.6472,12.2711,8.33498
5.65,6,214,5.23536,20.3349,15.0644
5.65,7,53,5.8194,24.3159,16.0133
5.65,8,221,6.7457,29.6279,21.5421
5.65,8,147,6.4218,28.9595,20.4722
5.65,5,111,5.45794,16.594,12.4397
5.65,8,228,7.12831,31.2792,22.1689
5.65,4,34,4.07072,14.1882,10.1311
5.65,6,48,6.97043,20.8466,12.9058
5.65,5,416,4.41542,15.7577,12.8627
5.65,5,49,4.53783,19.4387,14.8481
5.65,5,132,4.4351,19.3416,14.5521
5.65,6,159,5.58649,22.7481,18.2726
5.65,6,154,7.16264,20.8815,14.6463
5.65,7,106,6.3383,28.6255,19.282
5.65,9,101,6.36546,32.0419,18.9845
5.65,6,397,6.24721,18.2821,13.9073
5.65,6,153,6.0275,20.5399,13.9703
5.65,9,340,7.48628,26.1017,19.359
5.65,9,357,7.25961,28.0166,20.252
5.65,4,59,4.55721,14.6053,12.0261
5.65,6,101,4.90753,20.807,14.2122
5.65,8,490,6.28406,25.2945,18.252
5.65,5,80,4.87671,19.638,16.6701
5.65,5,57,5.47913,21.8756,16.3511
5.65,7,139,8.5139,25.6123,17.332
5.65,7,46,4.3809,26.0461,15.1773
5.65,5,40,4.87772,15.992,11.0817
5.65,5,75,5.2573,18.9964,13.0579
5.75,6,227,5.68631,21.5985,16.343
5.75,6,131,4.91204,25.3498,19.9558
5.75,5,104,3.91958,19.3119,11.8463
5.75,8,264,6.30475,28.7626,20.7452
5.75,6,170,6.16426,25.2464,19.0378
5.75,5,145,6.40779,16.9155,11.7112
5.75,6,61,5.47139,22.7624,18.2568
5.75,7,98,5.27286,26.2467,18.8204
5.75,6,170,5.3488,25.4832,16.5398
5.75,6,94,5.41203,17.8065,12.4234
5.75,6,69,5.69574,26.6989,19.9179
5.75,6,134,5.44093,20.4355,15.3392
5.75,5,52,4.49745,20.4578,16.3409
5.75,6,214,7.70048,23.8161,18.8406
5.75,5,41,4.22279,19.1157,12.5557
5.75,6,129,7.30918,23.2789,16.8219
5.75,7,103,7.04721,31.5978,24.9853
5.75,5,59,4.35854,17.8559,13.5234
5.75,6,287,4.56185,21.842,17.2817
5.75,5,77,4.90283,15.5721,13.6086
5.75,5,99,4.52232,15.157,9.99445
5.75,7,124,8.68766,27.5837,20.0761
5.75,5,159,4.31902,16.0187,11.6306
5.75,5,77,5.2748,20.6069,14.9035
5.75,4,186,3.27842,13.6068,12.3171
5.75,6,189,6.02677,21.1393,16.5921
5.75,5,243,4.19872,14.8352,11.2172
5.75,5,32,5.10961,17.5904,13.3228
5.75,5,60,4.44013,15.549,12.0981
5.75,8,280,7.41735,31.5584,21.2634
5.85,6,64,5.75396,26.8746,19.1455
5.85,6,204,5.45271,16.4107,12.0087
5.85,5,74,5.44981,18.9255,12.7196
5.85,6,73,5.94559,26.0145,20.0448
5.85,6,68,5.69441,24.478,16.7197
5.85,8,251,6.45062,23.2906,16.7111
5.85,6,93,6.22128,27.9753,21.9488
5.85,5,98,4.77053,16.3129,13.4404
5.85,7,169,6.79146,27.2182,19.358
5.85,4,76,4.69281,11.4759,9.13866
5.85,4,101,3.24237,15.8194,12.0445
5.85,5,58,4.59216,19.7568,14.5583
5.85,6,150,6.06402,19.7879,15.692
5.85,6,96,7.61228,20.0696,12.6094
5.85,5,160,4.50969,16.6675,13.0025
5.85,4,56,3.84033,12.8842,9.62963
5.85,6,91,6.70981,23.5859,17.7623
5.85,6,99,4.98161,22.0562,16.6645
5.85,6,126,5.46475,15.7091,11.6929
5.85,6,147,5.52066,18.889,13.3651
5.85,5,61,4.11722,16.3629,10.7879
5.85,7,103,6.61098,26.2964,18.0769
5.85,7,146,5.60969,24.162,16.3402
5.85,6,66,4.70384,25.0839,20.5285
5.85,8,191,5.46408,29.3358,20.2696
5.85,4,92,4.16992,15.1305,11.7906
5.85,4,187,4.30149,13.3816,10.7654
5.85,5,224,4.3681,16.6422,12.2895
5.85,13,367,12.9878,45.5633,30.102
5.85,7,204,7.33459,23.5315,16.2239
5.95,6,87,5.62921,22.5657,16.593
5.95,6,368,5.79899,22.0819,15.8286
5.95,5,160,5.35088,18.5291,14.5616
5.95,6,124,6.31747,19.188,14.732
5.95,5,94,5.15406,17.3119,13.9298
5.95,6,298,5.51536,25.7124,20.9568
5.95,7,73,7.2915,32.7146,21.5274
5.95,7,316,11.1253,21.5784,14.6443
5.95,7,90,5.65976,21.3799,16.4622
5.95,5,82,4.37442,17.9685,14.9327
5.95,4,74,3.60907,11.8414,8.56738
5.95,4,95,4.60877,12.4215,9.82441
5.95,4,116,3.99437,16.4877,14.4434
5.95,7,99,7.12181,24.8054,17.7264
5.95,6,357,6.34399,20.6188,16.4025
5.95,5,50,5.16963,18.9342,12.729
5.95,8,282,10.4405,33.8072,25.8692
5.95,5,50,4.88758,21.0141,16.5151
5.95,7,466,6.02251,25.8438,18.086
5.95,4,39,4.7166,14.7278,11.4705
5.95,4,105,3.18851,15.0735,10.2679
5.95,4,49,4.29678,11.7386,8.74984
5.95,5,82,3.7875,18.9575,12.115
5.95,8,284,7.27252,27.6402,16.4074
5.95,6,141,5.82604,24.2619,19.6102
5.95,7,209,8.85695,21.7483,13.883
5.95,5,64,4.08406,14.2846,11.8836
5.95,6,330,6.91265,19.3091,14.3491
5.95,8,287,6.40343,26.0003,17.0213
5.95,7,236,6.3973,22.0635,16.0216
6.05,6,130,4.84955,25.1313,19.6751
6.05,6,175,4.77767,25.5689,18.99
6.05,7,189,6.45487,24.6419,16.5995
6.05,5,67,4.36735,15.8118,10.6945
6.05,7,112,8.05528,27.4859,19.3507
6.05,6,107,5.00937,22.2765,19.165
6.05,6,239,5.34662,23.1873,16.6407
6.05,6,75,5.46537,25.5936,18.8281
6.05,5,150,4.80206,19.481,13.6359
6.05,4,57,4.6177,18.111,12.9567
6.05,6,40,5.0104,21.475,15.596
6.05,4,163,3.73062,12.3635,9.86251
6.05,7,215,5.33415,27.0545,18.2522
6.05,6,71,5.70892,23.0361,13.1858
6.05,6,96,5.23223,26.7444,21.2253
6.05,6,211,4.95348,23.0372,15.218
6.05,5,126,4.35534,16.3161,13.0103
6.05,4,33,4.25194,16.2384,11.6855
6.05,6,119,5.49091,26.0653,18.353
6.05,5,77,4.6743,20.9751,16.5688
6.05,6,92,5.23908,19.9526,14.6593
6.05,5,187,4.28007,16.6314,11.8462
6.05,5,203,6.18082,15.0164,9.49444
6.05,6,89,5.61544,20.0173,13.7814
6.05,6,279,5.47923,20.8335,13.3023
6.05,5,92,5.2897,19.2262,13.7979
6.05,4,109,3.42638,15.9728,11.9526
6.05,4,152,3.70079,13.0553,10.306
6.05,6,175,6.92868,25.3415,18.7029
6.05,5,126,5.25037,19.4337,15.7564
6.15,6,109,7.00523,23.9519,18.4109
6.15,7,117,6.01091,26.0487,16.4552
6.15,5,75,5.58905,19.0172,11.4702
6.15,5,131,4.49832,18.3779,15.0083
6.15,7,182,6.83855,33.2474,21.2341
6.15,5,159,4.34293,21.4549,17.0215
6.15,6,89,5.89302,25.0409,18.509
6.15,5,113,5.13555,19.1788,14.6373
6.15,5,187,4.10817,20.0846,13.8165
6.15,8,201,8.85556,26.5145,18.9134
6.15,7,151,6.16241,23.1555,16.2414
6.15,6,102,7.59806,23.5505,17.6229
6.15,5,209,5.23971,16.0743,10.9942
6.15,6,247,6.13047,25.5842,18.664
6.15,5,180,4.90692,18.3507,11.241
6.15,7,262,4.47116,23.7588,19.007
6.15,6,119,4.83437,21.4368,17.025
6.15,6,89,5.2296,21.8247,15.6985
6.15,6,215,6.36522,24.8154,18.5596
6.15,7,253,8.04708,27.1027,19.425
6.15,5,174,5.27179,18.7724,14.5588
6.15,5,91,4.40697,20.607,16.5812
6.15,6,248,5.49787,21.8276,16.3097
6.15,4,118,3.88727,16.7565,11.4602
6.15,5,68,5.16581,18.3175,12.0377
6.15,4,199,3.67653,12.1673,9.21681
6.15,8,79,5.17338,26.201,18.6066
6.15,6,146,5.88719,21.7207,15.8578
6.15,6,82,5.7514,21.4407,16.052
6.15,5,77,4.47661,16.5926,14.0752
6.25,9,271,8.33584,32.7704,22.0082
6.25,4,112,4.87417,13.5621,10.4042
6.25,6,140,5.57659,23.9855,17.3592
6.25,6,214,4.80629,27.7535,23.1102
6.25,5,71,4.34401,19.7844,13.9476
6.25,4,53,5.05775,16.3744,10.5943
6.25,6,121,4.88363,20.4388,14.4939
6.25,9,296,6.92265,28.4689,16.9971
6.25,4,34,3.21974,18.1598,15.1387
6.25,5,92,4.63687,15.3298,12.8249
6.25,6,68,6.00391,23.5018,17.2845
6.25,6,99,5.46141,25.169,13.9822
6.25,5,181,5.17008,20.4968,16.7862
6.25,4,97,4.17086,17.7277,16.3575
6.25,6,135,4.74534,26.1722,18.4458
6.25,5,138,5.01465,18.4249,12.4728
6.25,6,97,7.2313,18.9196,13.9599
6.25,5,131,5.22505,16.0346,10.6412
6.25,9,667,8.02099,29.7695,17.9124
6.25,4,61,3.53337,13.9864,9.57157
6.25,5,70,4.79173,18.4687,12.2442
6.25,5,172,4.35646,18.0015,15.8144
6.25,7,262,7.98546,30.5558,24.0224
6.25,5,167,4.07048,18.3697,12.6915
6.25,5,48,5.21005,18.2438,14.5469
6.25,4,36,4.96224,16.3475,12.2637
6.25,6,75,6.9444,17.2079,10.8277
6.25,6,81,6.39254,22.4541,16.1169
6.25,4,47,3.78545,13.0008,10.2041
6.25,6,124,5.74791,20.1152,12.0204
6.35,5,147,4.66523,19.4542,14.6497
6.35,6,79,7.8525,23.1662,16.7114
6.35,7,210,7.24622,28.7324,16.8717
6.35,7,243,5.46964,21.5632,16.3776
6.35,5,60,5.24088,17.2697,10.575
6.35,5,131,6.12601,15.6891,12.7584
6.35,8,99,6.30145,31.5088,21.6909
6.35,6,129,6.24785,28.7498,22.689
6.35,5,118,4.86694,19.3593,14.5584
6.35,5,192,4.14465,15.8279,11.6736
6.35,7,639,6.94147,24.7952,15.6413
6.35,6,103,5.74287,23.6451,17.1336
6.35,5,62,4.48638,16.4504,12.5578
6.35,5,55,5.11813,21.2822,14.3754
6.35,6,245,5.21701,18.3322,12.8529
6.35,7,73,5.96655,22.2449,17.3506
6.35,7,103,5.83818,30.6931,21.1746
6.35,6,314,6.21292,18.6958,12.9801
6.35,6,122,5.82755,22.9797,13.2421
6.35,6,92,5.39142,21.7725,16.3058
6.35,5,265,4.8845,17.5006,14.3519
6.35,5,304,5.14517,17.4082,12.0447
6.35,6,98,6.63343,25.7894,17.8116
6.35,6,127,5.82074,20.4984,14.4479
6.35,7,92,6.35821,29.0182,16.7555
6.35,6,64,5.83843,27.4062,17.9723
6.35,7,68,6.94903,25.8559,18.6439
6.35,6,169,4.49475,21.2458,15.7696
6.35,7,135,8.08175,21.3158,15.0907
6.35,8,175,6.99715,28.7316,16.9927
6.45,6,90,6.93147,25.6287,18.1951
6.45,5,226,4.9644,20.7679,14.3112
6.45,5,168,3.78263,17.4638,13.3684
6.45,7,175,6.98053,29.4674,17.8971
6.45,5,117,4.51786,19.7578,15.1688
6.45,6,155,6.2012,22.1537,17.8969
6.45,6,107,5.55671,25.3911,18.4445
6.45,5,111,4.75283,21.9452,16.3413
6.45,7,149,6.21026,28.1999,19.7079
6.45,8,105,8.29037,32.7312,17.2264
6.45,8,183,8.00029,26.0709,19.5585
6.45,7,160,5.9298,28.2907,19.7122
6.45,5,108,3.98544,17.1968,13.1543
6.45,5,201,4.85277,20.1388,14.008
6.45,5,111,4.97289,17.7952,14.2248
6.45,5,115,4.9378,20.2343,12.6497
6.45,4,37,4.44761,18.0866,12.7527
6.45,5,94,3.58173,21.0241,14.2772
6.45,6,157,8.63557,26.022,17.2317
6.45,7,191,6.28355,27.9058,17.6225
6.45,7,152,5.51531,25.7181,20.3417
6.45,4,32,3.76581,13.0257,10.0583
6.45,6,166,5.47982,20.708,15.9228
6.45,6,163,4.47312,19.2446,14.004
6.45,6,286,5.22481,27.0534,19.4599
6.45,7,172,9.4404,28.5852,20.1218
6.45,6,105,4.57403,28.368,21.7819
6.45,7,87,7.13934,26.65,17.5557
6.45,4,54,4.79291,14.6033,11.5793
6.45,5,100,4.60569,18.876,15.6692
